# halo-id  m200  ra  dec  z  vdisp
1  906069999703932.875  0.866308346  0.428616422  0.081666  1092.18
2  965470001078600.250  0.203511517  0.037627518  0.143597   893.54
3  741129999469325.750  0.309928849  0.970280804  0.139311   963.37
4  480110000229834.375  0.776368127  0.462072342  0.082966   840.27
5  445789999874825.812  0.162832884  0.065375862  0.148124   597.39
6  416930000284487.438  0.292412533  0.208783354  0.098171   801.87
7  430539999523944.500  0.720482509  0.691532349  0.110195   885.01
8  353839999705429.875  0.000000000  0.638565516  0.134051   871.29
9  350539999737053.812  0.750285158  0.100908357  0.130501   787.37
10  366520000090322.625  0.529667285  0.782588375  0.146603   644.96
11  356769999690113.562  0.705571429  0.474479346  0.053890   780.63
12  337590000318668.312  0.190173222  0.894145039  0.083322   818.91
13  350580000247087.375  0.623534705  0.392105373  0.114739   759.61
14  334549999834032.500  0.633977290  0.011399321  0.047820   766.35
15  360709999605206.188  0.772859020  0.463858546  0.087346   811.84
16  351250000070253.812  0.651581431  0.082358719  0.111392   685.39
17  337380000083086.000  0.094108467  0.699668673  0.082590   898.80
18  338540000102194.312  0.759920388  0.721559290  0.134248   792.14
19  286830000057421.438  0.785649805  0.053214653  0.116725   832.21
20  284500000176159.562  0.443497466  0.299678810  0.132961   589.64
21  289539999957088.312  0.173556448  0.141140099  0.087140   916.73
22  289260000088816.375  0.146328055  0.092474630  0.147028   604.08
23  266740000100693.812  0.608302571  0.873966973  0.089191   683.13
24  266740000100693.812  0.060451416  0.054256073  0.091924   697.52
25  270250000233136.062  0.817936267  0.180853269  0.086846   740.02
26  270289999830055.000  0.970361770  0.907561507  0.035718   763.41
27  292009999803368.188  0.298521726  1.029887480  0.076698   812.54
28  328689999702866.688  0.664158675  0.620776736  0.138509   743.40
29  291370000024200.938  0.277840325  0.125182257  0.130483   682.43
30  307730000115596.938  1.001447096  0.922519049  0.098189   728.59
31  280969999695327.938  0.860008423  0.401692502  0.081543   710.71
32  277440000130247.031  0.716716368  0.452995652  0.081699   758.85
33  283620000204696.062  0.737773574  0.575898649  0.108299   708.61
34  282589999723737.188  0.206438050  0.043604398  0.144983   707.55
35  292880000085325.938  0.218717803  0.622995224  0.127874   680.52
36  274260000206519.062  0.236611878  0.825832398  0.122550   782.00
37  271790000222308.719  0.576087144  0.670409973  0.095540   705.96
38  304739999851073.000  0.899914679  0.306351971  0.127352   875.98
39  289650000109995.312  0.043678680  0.667553934  0.017033   766.59
40  284239999685014.250  0.900685852  0.051356139  0.142589   778.87
41  276410000029623.156  0.458345400  0.813144448  0.127769   765.82
42  277320000302204.969  0.743258410  0.435769898  0.083582   714.29
43  263049999919335.031  1.000902902  0.175015980  0.108993   815.01
44  276969999991224.438  0.414453441  0.582564916  0.131435   713.47
45  277170000109194.125  0.171634614  0.099743106  0.147313   467.48
46  265329999986004.375  0.598973978  0.443140999  0.116736   751.66
47  271379999919039.531  0.820437795  0.731757825  0.107882   791.75
48  262589999886840.312  0.327357271  0.133783519  0.101930   754.80
49  268409999961087.062  0.778108517  1.007352714  0.066477   724.06
50  264140000301196.469  0.121945073  0.341352211  0.084864   826.73
51  262409999851944.500  0.857136257  0.362477781  0.051576   712.89
52  261860000276358.594  0.454318036  0.404875912  0.144235   697.96
53  263600000047359.531  0.408905773  0.489686749  0.137321   806.47
54  203150000157904.938  0.098817907  0.725527628  0.136799   717.76
55  243850000040660.156  0.990464297  0.875785833  0.136713   723.86
56  228789999839855.156  0.604955292  0.081842136  0.072749   697.22
57  253110000100902.594  0.670197287  0.580826499  0.141204   665.43
58  240289999770003.219  0.069888062  0.627123853  0.146550   610.83
59  249449999841930.344  0.038896390  0.406668732  0.130645   654.69
60  249449999841930.344  0.987591974  0.147810678  0.131491   632.95
61  215389999870201.562  0.295016512  0.378979502  0.126915   746.39
62  239019999965834.375  0.739966283  0.254204291  0.075793   673.21
63  189479999975602.781  0.540732568  0.265798897  0.146099   624.61
64  196829999783831.969  0.605101986  0.465193968  0.117910   619.25
65  230400000132005.938  0.123545540  0.153809078  0.116414   634.01
66  251640000282196.438  0.531803027  0.956974885  0.139296   802.34
67  221589999751138.844  0.209629856  0.536836644  0.071547   590.59
68  237620000248823.438  0.931889878  0.738125746  0.128624   614.13
69  225250000180958.938  0.011720148  0.023133868  0.135122   589.66
70  223099999854190.406  0.156815896  0.552094121  0.061777   665.11
71  228969999926590.688  0.492400300  0.129957862  0.102127   614.53
72  194170000172730.625  0.739434883  0.706792234  0.144113   638.07
73  221629999767137.031  0.173934871  0.093267847  0.133246   720.78
74  208890000050387.312  0.610475838  0.955932225  0.130005   648.11
75  205549999944922.938  0.680674830  0.383414785  0.111941   555.05
76  224629999943228.406  0.932764096  0.615066769  0.115970   671.76
77  201640000108591.812  0.974662226  0.470828920  0.048132   624.84
78  218100000211573.750  0.911401301  0.845418570  0.090550   808.23
79  202569999955013.000  0.153330404  0.726694782  0.092074   717.36
80  192069999833271.906  0.569348812  0.450417050  0.060254   644.90
81  204470000005740.844  0.578200947  0.986625742  0.091973   724.87
82  198119999858390.406  0.224215206  0.166532772  0.100479   661.52
83  188680000185222.469  0.297728230  0.588531953  0.130615   559.47
84  195370000223629.125  0.697048759  0.763844813  0.107653   727.48
85  209290000006181.312  0.279127697  0.567930924  0.117258   682.51
86  201020000161079.375  0.005671796  0.000702617  0.098783   649.22
87  190460000002585.844  0.285221479  0.382192968  0.126164   637.76
88  200929999887405.250  0.261372550  0.492717531  0.146075   639.93
89  219170000186131.719  0.097117485  0.229225872  0.102941   681.22
90  190930000194662.844  0.063178615  0.527471155  0.146409   550.37
91  204780000159241.844  0.483141485  0.440266407  0.034551   665.65
92  201100000186728.750  0.217353898  0.708946948  0.122608   623.10
93  203060000071014.344  1.018909813  0.341549782  0.074874   755.68
94  206570000231060.688  0.064277108  0.575106426  0.122483   743.55
95  211919999858893.469  0.514574237  0.798191462  0.108971   663.21
96  196890000010615.062  1.014048443  0.774941425  0.029286   726.23
97  187969999817043.750  0.820228652  0.142123208  0.125881   485.81
98  189490000093911.781  0.625491220  0.965627756  0.091047   725.51
99  184979999953082.438  0.007265055  0.590295486  0.114939   655.20
100  191549999859259.594  0.797262632  0.144241863  0.124407   612.92
101  182479999887143.844  0.665869900  0.885621741  0.090383   582.73
102  182479999887143.844  0.084110000  0.026610354  0.093077   672.96
103  168119999870937.375  0.834806305  0.293812741  0.086798   709.57
104  181499999844478.969  0.980145597  0.888798066  0.137489   679.07
105  160690000091593.750  0.843148665  0.305544983  0.139070   715.78
106  186860000210126.062  0.836271439  0.336190399  0.137085   640.56
107  183039999952403.531  0.980397640  0.202766645  0.070182   724.70
108  160419999998500.562  0.101260408  0.337813416  0.084398   587.64
109  160620000158818.844  0.513339940  0.949332769  0.071551   691.34
110  182590000159185.281  0.622365527  0.590400607  0.053020   749.67
111  190319999987199.438  0.612375925  0.875260123  0.083930   653.26
112  165020000083921.688  0.717937715  0.523064286  0.148246   380.94
113  191370000057230.125  0.038084777  0.014530686  0.087408   673.18
114  191229999984867.656  0.067588888  0.474662326  0.145776   507.82
115  150250000112514.938  1.026677471  0.425992529  0.146920   465.67
116  183699999870647.688  0.257839323  0.102109772  0.140119   683.90
117  179470000077619.188  0.394090092  0.674441300  0.146011   614.90
118  172709999930487.094  0.145478237  0.750294810  0.103791   601.26
119  183849999913267.656  0.296485276  0.167071154  0.101711   528.70
120  168920000096121.594  0.763851899  0.053552147  0.116525   654.29
121  166470000178688.594  0.465156164  0.778716083  0.113785   627.50
122  139429999881794.719  0.724930673  0.743725530  0.077819   712.74
123  164509999862145.281  0.074890839  0.266364576  0.106080   617.74
124  172920000055099.875  0.631366242  0.275153373  0.120037   593.41
125  154060000168434.469  0.197691228  0.360553241  0.077935   574.60
126  184780000096487.031  0.763035015  0.728566229  0.110816   563.08
127  172990000129077.438  1.027132234  0.659799261  0.127458   651.87
128  147490000128250.906  0.229157350  1.004113313  0.139704   632.86
129  158269999868945.062  0.430187986  0.314177155  0.132795   556.25
130  165850000055181.500  0.890611463  0.377543096  0.126182   685.11
131  173279999887785.500  0.880663470  0.875628370  0.084245   677.40
132  150879999863378.375  0.544092467  0.785548017  0.147759   472.75
133  152940000051798.469  0.490796098  0.913810955  0.088335   561.75
134  151370000025382.281  0.009102555  0.649412999  0.133535   634.37
135  151280000056784.531  0.757823584  0.110579140  0.131195   679.99
136  172250000166714.125  0.153161700  0.718345266  0.118135   681.34
137  168329999836001.312  0.905478998  0.226211880  0.120377   610.12
138  162990000092554.969  0.195876941  0.382133504  0.078598   676.29
139  164740000133650.281  0.093611275  0.453335503  0.115981   751.69
140  152780000108470.469  0.807356657  0.127032132  0.118258   624.20
141  150949999875179.969  0.116770241  0.580598157  0.125110   563.00
142  159569999985213.719  0.719252873  0.846173652  0.081234   605.60
143  154570000026505.250  0.989991051  1.040074112  0.092829   700.49
144  167910000144446.812  1.016193051  0.018484328  0.133544   612.46
145  149740000071709.188  0.838415768  0.009812538  0.135268   575.50
146  147029999921357.625  0.745551564  0.154113690  0.116574   540.75
147  153429999985616.281  0.228325718  0.692258930  0.144840   639.82
148  148679999854950.938  1.024138017  0.821723003  0.135146   615.52
149  155850000138928.875  0.421325728  0.518857903  0.136512   563.88
150  145800000006057.500  0.194613165  0.555910911  0.126558   513.40
151  144940000005920.406  0.710127157  1.039659230  0.136903   473.95
152  146340000101972.844  0.285799916  0.074184103  0.130203   511.30
153  127629999930356.578  0.981889530  1.022827205  0.128514   675.97
154  143140000040235.250  0.121632362  0.080493276  0.058664   447.31
155  146670000005573.125  0.012594436  0.656387701  0.149208   417.26
156  140270000003311.656  0.271756683  0.462216925  0.079784   670.55
157  150130000138574.188  0.103438387  0.458138980  0.099177   606.35
158  141030000029903.125  0.249501309  0.293241058  0.111896   646.25
159  144109999940980.969  1.013692047  0.808742536  0.131010   713.19
160  143129999908186.062  0.546764147  0.235132956  0.108061   615.99
161  122029999923689.688  0.422260858  0.264526884  0.140419   725.75
162  137280000156585.906  0.041333306  0.387916880  0.126444   588.31
163  137280000156585.906  1.013687509  0.126864301  0.129537   641.15
164  140939999947670.094  0.983077540  0.758560270  0.136711   565.20
165  144860000045130.719  0.882305999  0.564384240  0.127653   587.02
166  147830000033046.969  0.610221474  0.484662993  0.054133   679.48
167  134300000102445.344  0.346760183  0.721508903  0.106765   740.17
168  150229999915160.625  0.884348593  0.188499940  0.082654   680.00
169  138959999859520.672  0.624535861  0.717718344  0.122951   600.68
170  116450000034670.031  0.551948735  0.360311635  0.115750   529.86
171  135909999852190.141  0.646280168  0.657100494  0.101156   647.68
172  138689999949624.891  0.306233167  0.807954031  0.123727   621.78
173  120759999902384.016  0.726519481  0.045482460  0.125382   554.61
174  145840000118567.250  0.624762283  0.375762651  0.114880   648.22
175  121970000051349.469  0.757397375  0.529640617  0.139412   529.01
176  93388000077607.578  0.380764084  0.298861524  0.140550   653.87
177  124850000089875.188  0.718500950  0.511890269  0.133341   519.51
178  138990000024701.375  0.275088307  0.991565251  0.139314   487.86
179  116589999919280.719  0.712280788  0.279893827  0.057813   456.93
180  130370000142214.031  0.243097312  0.578054392  0.125981   495.89
181  135300000125356.516  0.433436829  0.536462917  0.093017   569.76
182  134450000136426.562  0.637178363  0.095554263  0.102572   543.09
183  134280000131104.781  0.909062874  0.008895228  0.144767   500.12
184  130630000045356.938  0.642549753  0.249854459  0.124334   372.57
185  131879999856938.922  0.202594050  0.780240000  0.105216   487.71
186  134539999892570.172  0.528822127  0.053717918  0.084041   642.45
187  137719999989650.500  0.226732651  0.380461357  0.136788   588.08
188  138440000120466.047  0.158524800  0.964199326  0.118930   544.44
189  123139999927565.844  0.838814192  0.514538230  0.147652   450.31
190  135759999903213.078  0.169858480  0.917070654  0.142987   477.49
191  99486000072140.219  0.739944850  0.250355438  0.129605   535.67
192  130790000067182.766  0.572241137  0.881480005  0.077799   598.11
193  131730000053368.969  0.552501585  0.477876001  0.074532   615.43
194  130579999919286.359  0.130717045  0.986865114  0.144678   606.59
195  125919999995653.703  0.520770487  0.548952196  0.116599   525.59
196  138650000027493.688  0.871676595  0.390013962  0.125518   637.99
197  129109999962875.203  0.274593454  0.311794048  0.125851   540.46
198  134759999904093.062  0.038214106  0.620130179  0.124283   622.40
199  135050000148183.688  0.808553569  0.041136625  0.127696   598.34
200  140420000097433.172  0.140365976  0.765558308  0.104250   524.22
201  132429999984498.047  0.331195494  0.420503346  0.084950   619.18
202  137569999911572.016  0.871617620  0.389959683  0.125501   473.08
203  130879999901380.016  0.982412675  0.474814362  0.146480   465.28
204  123280000082217.297  0.178586505  0.483923358  0.125096   468.01
205  119099999867604.234  0.198770051  0.823768983  0.147408   539.67
206  126140000099536.453  0.187637416  0.143142184  0.080375   616.48
207  135090000098730.922  0.171942298  0.114879561  0.078633   595.41
208  131879999856938.922  0.751335288  0.244413849  0.101542   612.68
209  130399999881127.766  0.738727728  0.070512297  0.116549   584.70
210  125990000019234.859  0.586272502  0.523766048  0.073518   471.71
211  134580000010346.297  0.437088372  0.388778810  0.143401   551.05
212  121020000112464.328  0.335871632  0.405529992  0.087091   563.54
213  117000000068384.672  0.571218374  0.463396069  0.075506   470.73
214  96070000065995.109  0.796003360  0.997436172  0.115642   616.88
215  124030000085769.672  1.006835678  0.057689118  0.146296   476.84
216  123600000070353.672  0.654915289  0.466096984  0.080789   488.77
217  133950000017202.078  0.624967080  0.259588021  0.120676   468.45
218  131370000026683.062  0.522481870  0.364742904  0.134696   741.83
219  130690000011033.109  1.033429556  0.154721431  0.105542   469.21
220  127659999972431.828  0.289774974  0.207872030  0.143188   430.28
221  131319999982673.062  1.040636684  0.669554378  0.128269   676.99
222  128390000042018.047  0.054552988  0.735346327  0.133376   407.71
223  128010000124098.953  0.094547069  0.990962065  0.119396   569.68
224  122440000021060.859  0.427884919  0.274598393  0.138934   602.35
225  127869999947942.969  0.405688119  0.323548439  0.135351   589.30
226  96951000008175.266  0.273835039  0.552072845  0.116491   668.23
227  126150000042526.875  0.544819012  0.239155137  0.142409   622.15
228  124189999976210.141  0.368215359  0.519528336  0.091820   551.00
229  123109999912092.625  0.760964147  0.521536966  0.136885   512.15
230  127260000029242.609  0.050454955  0.068459144  0.146022   516.17
231  120169999952307.625  0.790019097  0.527004821  0.137952   534.22
232  122980000082507.750  0.759697649  0.999177400  0.138614   438.30
233  117069999904479.734  0.129476134  0.256086751  0.117156   531.55
234  120999999911832.922  0.801558115  0.113939771  0.113981   492.05
235  118960000133150.750  0.104193416  0.111695225  0.148357   358.04
236  131799999921704.938  0.749638409  0.213137322  0.144852   479.98
237  125210000130649.531  0.076751290  0.577335386  0.119856   579.41
238  128349999997794.422  0.567484905  0.017479263  0.082359   555.89
239  123800000090050.703  0.057624105  0.105564250  0.116806   559.16
240  128560000072439.688  0.468586940  0.520365361  0.121729   669.77
241  118049999887263.875  0.870582117  0.320320749  0.075502   467.11
242  122980000082507.750  0.515222696  0.453895073  0.074375   639.04
243  121619999978534.406  0.208185421  0.388832497  0.129701   552.72
244  122980000082507.750  0.311517064  0.212822639  0.093747   594.48
245  129719999999720.672  0.230170933  0.357966105  0.104337   560.35
246  111579999980897.750  0.544656435  1.046072756  0.134041   533.44
247  121109999963754.094  0.512276423  0.541093781  0.136578   514.40
248  127770000060778.812  0.788098694  0.120484616  0.113865   595.60
249  124890000113176.062  0.084142672  0.417972287  0.128094   559.65
250  113850000012802.891  0.728218943  0.655634871  0.106142   509.10
251  126880000007733.781  1.043903399  1.008947247  0.124092   575.82
252  111149999991039.844  1.009231195  0.112477168  0.134146   544.70
253  86619000084770.641  0.919825272  0.289860809  0.073401   470.33
254  86241000060431.547  0.063506510  0.101394903  0.144100   455.75
255  128949999859273.906  0.562429140  0.661892016  0.119060   516.22
256  110730000021590.375  0.397140613  0.262581470  0.137392   481.18
257  98565999909840.922  0.472287527  0.325645120  0.120262   700.50
258  118019999917664.719  0.723972889  0.107036854  0.006453   627.24
259  113339999920278.312  0.628955349  0.482354411  0.080906   507.19
260  123880000089923.359  0.492862341  0.939582731  0.089056   620.40
261  130269999956499.016  0.379088166  0.770939489  0.127396   581.58
262  107550000068477.766  0.597064588  0.494761870  0.053967   436.75
263  117440000115738.984  0.520761254  0.117619082  0.130438   563.68
264  116690000042382.375  0.926032100  0.807679892  0.090492   453.02
265  123240000100765.906  0.007926884  0.007336631  0.147130   494.27
266  122070000120034.406  0.474551812  0.413744611  0.143200   545.81
267  123139999927565.844  0.120304201  0.276849851  0.122109   599.96
268  127390000113642.922  0.202218228  0.024267896  0.136011   450.18
269  106029999900575.062  0.559371131  0.118997508  0.064425   560.94
270  100430000071103.266  0.110271019  0.097574447  0.147142   474.02
271  113929999900404.531  1.025467766  0.175237497  0.107244   588.29
272  118720000017781.719  0.583786019  0.628034827  0.065146   579.12
273  108209999990525.625  0.103507257  0.677667296  0.082162   577.46
274  106239999994143.266  0.140062062  0.508779499  0.015540   509.62
275  113320000039556.750  0.248906292  0.722928658  0.121399   597.59
276  125820000043750.172  0.116811082  0.321772653  0.148492   463.40
277  114639999897240.406  0.220586597  0.380509458  0.138285   532.36
278  110930000002819.594  0.593867721  1.029336131  0.069948   644.34
279  109119999921506.141  0.664354414  0.024662742  0.080125   616.07
280  120909999953052.672  0.608462356  0.611922175  0.102587   633.85
281  110519999937785.906  0.510308058  0.513653715  0.135270   486.85
282  110469999997842.094  0.080507693  0.649398286  0.118183   544.31
283  109920000072013.141  0.777255208  0.729334994  0.134197   369.52
284  109810000115162.516  0.387411485  0.051112229  0.050408   603.06
285  118599999992286.812  0.960544781  1.042984955  0.083736   547.28
286  103320000118646.984  0.814206743  0.216026749  0.053178   420.46
287  111100000015127.031  0.207748688  0.690695446  0.090593   472.09
288  107750000041490.688  0.896434108  0.999925291  0.083041   539.95
289  94192999960958.625  0.033139858  0.104387026  0.142357   570.19
290  96885000089495.141  0.774014829  0.603935356  0.139667   526.98
291  96615999934945.656  0.086565835  0.204112835  0.102634   532.78
292  120299999905862.469  0.314913509  0.851645661  0.122310   590.98
293  95655999947917.672  0.519111970  0.822757250  0.108424   385.81
294  111210000064215.594  0.821145072  0.283600173  0.053412   477.12
295  104139999918549.453  0.368526935  0.044044152  0.078930   482.48
296  118150000008600.078  0.470989927  0.323957055  0.105934   487.35
297  104420000030127.219  0.913079575  0.248758131  0.119694   512.49
298  106460000040021.297  0.715539109  0.634120668  0.116440   395.02
299  106460000040021.297  0.743142451  0.542585375  0.138554   510.83
300  106460000040021.297  0.072932615  0.610755771  0.117081   454.85
301  79671999933425.047  0.152580855  0.240442876  0.114091   564.55
302  104489999957198.016  0.353631230  0.279641156  0.100639   536.47
303  106580000023339.969  0.429550330  0.945977618  0.076931   543.62
304  112750000116827.688  0.077041364  0.575725495  0.143280   551.29
305  110100000007161.562  0.066718632  0.575421039  0.108347   540.27
306  112750000116827.688  0.746674508  0.070138534  0.146432   411.82
307  97620999971989.031  0.500247719  0.974573581  0.142149   446.69
308  114910000092972.938  0.277353657  0.546026693  0.115907   524.74
309  105069999937695.828  0.072562500  0.730623797  0.133974   508.14
310  116469999873620.672  0.948770057  0.429767257  0.137163   586.96
311  112320000055415.984  0.003545828  0.267807422  0.114783   463.86
312  102590000043469.484  0.198320122  0.183458330  0.113389   509.48
313  98233999889855.234  0.202296017  0.676219249  0.146715   423.26
314  115790000018471.891  0.764471090  0.565181437  0.125755   525.67
315  113020000009920.547  1.031468801  0.120006885  0.143334   483.57
316  99992999925816.875  0.027931097  0.841970480  0.140414   498.83
317  99992999925816.875  0.737387960  0.351095232  0.143252   474.20
318  114340000032053.172  0.788725843  0.707522968  0.144599   454.81
319  109199999907288.734  0.930367375  0.776903053  0.094018   592.81
320  111090000059061.609  0.143943848  0.223763829  0.099175   604.19
321  98127000107290.031  0.152525807  0.419481927  0.130535   426.23
322  103479999989395.344  0.940782837  0.735810322  0.029679   678.26
323  100630000071869.312  0.463592733  0.963410210  0.146770   458.49
324  103950000079587.922  0.255308596  0.522050389  0.125896   441.17
325  105610000091911.359  1.043857235  0.342187874  0.142442   582.59
326  98267999963528.656  0.374760535  0.039517326  0.079188   485.59
327  106529999994780.781  0.576898792  0.444483734  0.103797   393.71
328  98753000033084.250  0.291858810  0.727210946  0.124895   430.19
329  96977999929643.406  0.482908274  0.760478108  0.138018   486.50
330  105179999884371.156  0.734904549  0.360661033  0.084361   653.32
331  102979999883522.672  0.544921673  0.247323173  0.144113   508.19
332  109830000100855.344  0.579558412  0.758487769  0.107049   554.84
333  80057000068853.875  0.092563903  0.249419296  0.103934   348.68
334  83454999908736.359  0.485043004  0.423382267  0.133442   640.26
335  89053999947758.156  0.359610693  0.545767529  0.097553   464.96
336  109969999986268.203  0.608030195  0.037485082  0.135504   535.41
337  97947000087612.828  0.364462552  0.553520264  0.096698   414.92
338  109300000012658.641  0.596493290  0.707760368  0.147002   480.43
339  90708999959755.234  0.099588906  0.972989223  0.124579   544.17
340  89304000054874.250  0.693090247  0.553148683  0.140720   381.57
341  102419999882467.312  0.302731862  0.123938256  0.103243   353.79
342  110600000007976.453  0.607219368  0.448750034  0.116760   551.24
343  93838999988926.125  0.416474742  0.976826801  0.125464   488.52
344  102240000043711.000  0.809573522  0.752387058  0.111228   492.16
345  103490000012819.031  0.123688936  0.154034243  0.095094   513.47
346  103459999982594.547  0.600857555  0.797392677  0.099656   515.98
347  99632999921692.984  0.445798996  0.295474102  0.085767   545.48
348  102900000056288.141  0.076429783  0.002969224  0.125224   505.08
349  103829999996703.141  0.926942219  0.868165586  0.089618   469.86
350  105329999955128.609  0.249429262  0.692095829  0.148559   320.86
351  75994000083844.250  0.496439882  0.778768914  0.109554   610.83
352  98873000068487.500  0.113522009  0.556590909  0.086068   527.84
353  106369999940917.422  0.645320987  1.016864462  0.085546   502.32
354  102960000024577.281  0.892926310  0.225604837  0.122915   628.47
355  93158999994678.922  0.565659605  0.991231003  0.138238   563.94
356  101789999914502.812  0.880266390  1.004656879  0.072191   530.27
357  78976000057989.750  0.095448601  0.996377647  0.143995   408.64
358  78976000057989.750  0.977691367  0.471817806  0.144815   439.78
359  97098000109006.594  0.255964612  0.476197186  0.125422   526.62
360  100070000049583.547  0.411329599  0.421352693  0.136947   410.82
361  96063999949753.641  1.002827093  0.296575178  0.124365   609.84
362  101750000024071.438  0.199552307  0.694536200  0.120940   434.07
363  90780999913647.750  0.715573020  0.030003362  0.128009   611.16
364  93424000019960.125  0.609967982  0.865685351  0.089209   456.71
365  93424000019960.125  0.068915931  0.064744141  0.091022   385.60
366  97411999979856.203  0.962166716  0.766956910  0.094081   428.01
367  89236000037816.828  0.467218270  0.326012355  0.121199   450.81
368  98533999912386.344  0.309608948  0.720989545  0.123753   567.04
369  89099999992434.828  0.771432074  0.610249940  0.140108   583.59
370  96898999967772.547  0.058988516  0.233381483  0.137808   568.31
371  95476000044295.641  0.236504942  0.616373777  0.119113   554.47
372  102230000048363.609  0.008393760  0.265415535  0.115490   619.99
373  92821000011357.625  0.401145952  0.376724327  0.133687   516.43
374  99479000016085.297  0.880332172  0.383674071  0.126926   515.73
375  92561000010582.484  0.831767565  0.288354223  0.137877   590.59
376  100560000074581.156  0.694983197  0.373652234  0.135504   505.08
377  95910999974882.438  0.261320906  0.570834995  0.117917   444.18
378  98893000052501.906  0.960325533  0.592157979  0.145577   441.25
379  100560000074581.156  0.844667520  0.450238102  0.130501   442.59
380  75853999943044.656  0.219667925  1.005476380  0.139297   437.68
381  93675000050508.125  0.504837341  0.941962906  0.062576   500.34
382  91748000018747.703  0.095977087  0.965974064  0.124138   457.66
383  91902999927779.312  0.702231933  0.553914708  0.141178   496.65
384  83715999939253.266  0.250027421  0.107386304  0.141696   451.06
385  93430000032775.031  0.867164867  0.476322292  0.080820   474.10
386  95273999979252.734  0.616474849  0.508394113  0.131794   495.10
387  101400000000626.406  0.504297720  0.348488862  0.113249   467.18
388  99115999998580.891  0.917730354  0.988331191  0.092536   514.96
389  92942000056058.469  0.553726806  0.473172932  0.144430   461.04
390  92358999994179.312  0.023645249  0.846659726  0.140682   483.06
391  92358999994179.312  0.742261077  0.348386725  0.142997   426.71
392  99198999962644.250  0.770676521  0.554056883  0.134515   420.91
393  86170000010798.906  0.114782887  0.978225490  0.130158   380.40
394  73921999924269.797  1.022801950  0.427748714  0.148624   356.34
395  86170000010798.906  0.512709579  0.374803523  0.130400   657.06
396  92063999955433.875  0.604637834  0.382411308  0.104670   713.17
397  92788999936794.078  0.395971469  0.716744991  0.129962   586.76
398  84497000012261.766  0.357804958  0.538721879  0.102568   483.62
399  92285000094470.688  0.192423615  0.031338469  0.147398   371.41
400  91619999907162.844  0.831561930  0.793305622  0.139188   498.72
401  89817000001917.156  0.823368063  0.321719735  0.087549   470.18
402  92531000064909.234  0.509478626  1.003649492  0.125206   400.16
403  80083000011098.203  0.182409247  0.114258433  0.143389   518.34
404  94725000011553.078  0.895446391  0.362333424  0.124487   534.76
405  82681999950818.812  0.938984066  0.855852899  0.090783   619.35
406  88574000030500.906  0.477902391  0.359071055  0.127670   397.99
407  85766999925172.703  0.391657434  0.327421848  0.135013   401.90
408  86547999919185.484  0.058861578  0.402129584  0.128136   571.79
409  84729000049089.391  0.865406098  0.785008693  0.130043   630.05
410  85676999966827.109  0.028347079  0.720930535  0.088086   385.67
411  92481999966652.578  0.366808728  0.439665560  0.128504   508.63
412  71764999968893.547  0.503326026  0.114122455  0.087576   580.22
413  81508000041095.938  0.223624045  0.691360137  0.123269   543.22
414  88401000036885.000  0.131080283  0.626878460  0.125362   530.12
415  81184000085683.312  0.504665898  0.453691742  0.135054   405.97
416  84119999997233.469  0.231740193  0.154019547  0.103101   496.36
417  85320000043732.938  1.011724886  0.116054307  0.130487   564.75
418  85719000017952.219  0.789513353  0.364081110  0.053682   480.39
419  91156999999595.938  0.528532525  0.062004253  0.094783   444.00
420  91437000074350.578  0.772579296  0.178120519  0.117031   544.30
421  88218000078014.828  0.681344513  0.861142119  0.080122   482.04
422  91548000012016.344  0.966568628  0.990976098  0.128453   433.95
423  87873000091867.125  0.502403061  0.989396121  0.082664   451.40
424  91473999905695.766  0.388722733  0.278166736  0.144399   530.43
425  73471000002480.547  0.380993909  0.629404998  0.118218   384.75
426  92108999931369.500  0.976341721  0.422893348  0.085822   530.01
427  84290000031685.078  0.718283726  0.782973185  0.109949   452.35
428  83723000042473.859  0.022354544  0.183612425  0.081311   479.10
429  88704999953293.422  0.761388559  0.270995109  0.104736   408.20
430  86256999919867.406  0.888984380  0.559322018  0.113321   441.24
431  86702000062325.188  0.173063620  0.323670978  0.122443   469.56
432  90424000084779.859  0.969305409  0.371164075  0.052762   376.63
433  73184000012359.578  0.815723800  0.103713730  0.117591   522.64
434  82443000030359.031  0.449965813  0.272121509  0.141482   501.97
435  88077000067859.547  0.121737728  0.309835928  0.113530   475.05
436  87056000087832.938  0.438461353  0.266454233  0.138805   431.27
437  91378999984649.438  0.781929025  0.973537990  0.119373   432.31
438  85904000075330.172  0.612229091  0.539486089  0.143368   452.17
439  85311000057597.812  0.938481987  0.246264125  0.127780   622.39
440  85167000092080.594  0.037215516  0.969413044  0.146500   442.67
441  88545999992354.109  0.485813322  0.767584007  0.121707   449.14
442  84790999953950.906  0.956981744  0.514632932  0.144291   323.29
443  85684000091459.078  0.452243851  0.678504531  0.091122   559.18
444  82136999907993.188  0.099889487  0.540553305  0.077694   567.83
445  88711000023769.312  1.007516147  0.137180488  0.103431   423.15
446  68142999922251.336  0.157039438  0.156055142  0.085249   565.98
447  79776000032388.672  0.859924525  0.048357157  0.134176   432.25
448  85270000003278.766  0.877360417  0.521425928  0.111394   544.47
449  81771000020525.609  0.138130017  0.088156563  0.079676   618.15
450  70345000004390.031  0.970868683  0.188946099  0.108997   581.91
451  76247000055010.172  0.129030115  0.710447774  0.137068   357.65
452  77263999989989.094  0.529350159  0.285827056  0.147494   343.97
453  86517999904117.094  0.616175210  0.655498177  0.099140   524.60
454  87106000013327.891  0.631019515  0.949361689  0.137954   458.73
455  91210999962291.453  0.546049208  0.321153585  0.083160   429.92
456  89994000101801.688  0.202638590  0.305440997  0.099652   467.78
457  84450000018078.875  0.491405445  0.412818557  0.133068   246.26
458  84515999914382.359  0.242242904  0.538663602  0.119904   407.21
459  75781000018854.109  0.224309681  0.005160083  0.133471   564.00
460  93761000079942.969  0.072752723  0.731623330  0.130334   497.23
461  87309999955791.141  0.274911383  0.822682341  0.122242   533.86
462  83438000086336.125  0.969304694  0.260858132  0.149154   312.56
463  89109000010064.891  0.297076210  0.207488529  0.147172   431.17
464  90095000079319.281  0.572140676  0.686603801  0.111543   495.74
465  83614999980717.281  0.764104553  0.489749843  0.064955   516.94
466  83866999965079.812  0.602855905  0.763229340  0.126476   419.02
467  88255999967538.703  0.911349343  0.234804817  0.147586   427.00
468  94835000101254.547  0.537415535  0.255828058  0.140397   382.40
469  81244999997329.609  0.119472325  0.988614667  0.145453   557.76
470  81990999943333.047  0.141746968  1.036858901  0.139366   385.67
471  81990999943333.047  0.195565940  0.433232277  0.142507   386.34
472  81247000025011.891  0.353540334  0.414343957  0.129230   366.07
473  78470000070605.938  0.636141882  0.735289778  0.122211   481.14
474  81051000092543.844  0.112347315  0.856730835  0.118158   460.69
475  90989999993646.234  0.260901224  0.011836858  0.148790   564.49
476  85708999990025.891  0.693020068  0.735963231  0.136785   475.97
477  85621000036037.156  0.991985614  0.419523064  0.142718   434.15
478  80812999950444.359  0.981839596  0.474952453  0.147302   360.83
479  85254000070633.578  0.262145696  0.473946462  0.073828   524.69
480  85045999981239.844  0.136127531  0.503597512  0.102694   461.70
481  86720999965302.797  0.074289084  0.920975060  0.148975   468.79
482  86720999965302.797  0.826534771  0.362931060  0.149249   318.48
483  83163000083117.641  0.827953095  0.326920816  0.075497   449.18
484  75377999972794.969  0.441428046  0.331163589  0.132108   465.19
485  77755999983442.953  0.245234049  0.273213283  0.111632   475.44
486  81297000061446.859  0.654517930  0.515753189  0.053537   545.89
487  86619999921451.797  0.104065676  0.189846165  0.138124   434.65
488  86493000034954.484  0.855695069  0.003518566  0.144625   639.30
489  80347000056492.016  0.419315074  0.260772279  0.076836   471.99
490  63396999973222.555  0.094036891  0.829165401  0.019002   467.12
491  82944000091966.797  0.315677876  0.427342489  0.145439   574.22
492  78343999910159.016  0.091669824  0.113380760  0.061510   577.93
493  82514000046555.547  0.502515286  0.137631673  0.132780   489.37
494  81767999947379.578  0.021900915  0.198072565  0.131068   376.65
495  80949999983337.891  0.038958716  0.394615279  0.127674   371.76
496  81556999948779.422  1.008429460  0.121137038  0.130823   485.91
497  81685999990903.016  0.995249955  0.484053001  0.068030   341.08
498  77700999974859.469  0.472229093  0.360374659  0.124787   428.06
499  80564000039348.656  0.310949989  0.172864006  0.102341   441.84
500  79796000062809.516  0.091975134  0.544928549  0.103647   438.63
501  72749000011170.406  0.187993061  0.552425175  0.128657   442.11
502  80976000006579.391  0.608793567  1.037489768  0.082902   352.27
503  79698999954723.312  0.903597952  0.530106009  0.112798   292.26
504  79540000064108.734  0.834017172  0.088422953  0.065861   409.95
505  80743999954415.109  0.618744335  0.737983938  0.127322   462.02
506  82181000081866.656  0.184215139  0.039152971  0.135983   377.12
507  83443999922059.406  0.417648651  0.393089564  0.142661   438.65
508  67188000070761.133  0.321909068  0.356371275  0.145688   457.69
509  78443999997553.703  0.948541628  0.186811631  0.051614   536.33
510  75707999920925.234  0.202136564  0.680929736  0.125750   522.23
511  78925999972392.875  0.770367754  0.718663196  0.111328   629.94
512  62601000033650.570  0.614888798  0.660208401  0.099520   623.48
513  79595999936586.141  0.738027920  0.197024669  0.074582   453.05
514  80348999994129.938  0.804534529  0.327397588  0.074588   408.66
515  57291000024173.125  0.044581992  0.112899939  0.077393   347.62
516  64302999996360.992  0.277644185  0.818572422  0.122764   659.78
517  76056999989854.281  0.908968993  0.884921288  0.093729   603.41
518  78394000074015.438  0.174625812  0.091553288  0.126633   432.88
519  82313999908267.391  0.185336932  0.014870327  0.116529   389.60
520  77993000036692.953  0.495411900  0.374729660  0.132010   489.62
521  81981000091659.688  0.173630433  0.046325384  0.135655   430.07
522  77880000027258.469  0.713121496  0.553968796  0.148315   290.70
523  73147999963140.734  0.676420678  0.060768246  0.112191   556.45
524  82611999930172.531  0.138956832  0.438205680  0.126592   511.77
525  76602999960876.562  0.708660539  0.471741867  0.018038   515.22
526  82060000069742.500  0.809121429  0.477802959  0.140725   434.43
527  79121000070117.344  0.932100924  0.300693090  0.121389   426.91
528  82165000078412.000  1.017658482  0.096977003  0.141697   458.66
529  73481999961700.672  0.146237159  0.534223415  0.121704   499.89
530  72776000049816.750  0.968949659  0.019369158  0.145244   361.61
531  65662000033570.438  0.576801193  0.393158714  0.076130   440.14
532  76214000061833.031  0.630084926  0.198141243  0.034882   413.90
533  70923999978317.984  0.563482219  0.013496963  0.085024   482.60
534  71878999924328.578  0.986841709  0.386896298  0.052633   362.74
535  77789000081632.594  0.888549164  0.569896235  0.114010   546.25
536  76121999956144.500  0.451303939  0.515595760  0.026284   492.40
537  80223000051495.812  0.318823466  0.753505238  0.121911   388.25
538  80223000051495.812  1.039641497  0.040433729  0.121409   423.96
539  72191000039238.781  0.051016777  0.097864311  0.144333   435.04
540  73271000031197.766  0.235595259  0.897336810  0.082385   674.27
541  65627000022110.039  0.238366789  0.500754912  0.083902   484.42
542  79570999991818.625  0.150537475  0.866485043  0.137077   360.62
543  79536000037557.219  0.765301692  0.433028754  0.142352   496.99
544  79829000000838.266  0.679535514  0.294359814  0.142790   499.36
545  63766000025062.664  0.076761221  0.567406505  0.107956   466.98
546  76608999929090.047  0.520838834  0.969086999  0.146026   457.87
547  79882000048724.719  0.107972647  0.496517374  0.146737   358.10
548  69711000046745.758  0.825365313  0.877322823  0.105655   428.97
549  69711000046745.758  0.208820267  0.029640543  0.106375   530.96
550  76799999994427.469  0.469188799  0.162813388  0.101629   369.27
551  69288000065040.820  0.168015045  0.267570302  0.114711   506.53
552  79204999944374.422  0.928086247  0.770946593  0.141046   438.28
553  68117000067284.945  0.106129056  0.504437556  0.147856   514.82
554  74796999950523.984  0.921918620  0.033298700  0.131908   577.66
555  72088999976031.391  0.189020467  0.953724157  0.147206   349.42
556  71571999957125.344  0.126226557  0.551563942  0.140366   272.49
557  78424000066833.141  0.427445498  0.168587548  0.113767   466.53
558  79393000034253.672  0.999543954  0.264151935  0.092846   390.40
559  75767000057999.875  0.890752730  0.621434202  0.116613   317.28
560  72430999963752.828  0.199356586  0.343675122  0.093766   295.52
561  72176000040943.656  0.546193930  0.631934417  0.108068   495.82
562  78934999944800.234  0.781098248  0.038739346  0.147102   512.87
563  75975000043388.328  0.068359189  0.737661349  0.102930   475.34
564  72388999964030.000  0.662067264  0.343229993  0.142628   472.93
565  72388999964030.000  0.748110722  0.481987229  0.142708   539.10
566  77689999919836.094  0.876849297  0.690806536  0.125102   286.72
567  68637999938652.227  0.850728700  0.321749371  0.139627   484.96
568  72940000003734.750  0.098994761  0.179710846  0.107348   472.08
569  72620000070752.609  0.224611570  0.845120625  0.134798   539.17
570  72258000043793.500  0.964192868  0.336255971  0.099310   543.21
571  72512999986079.500  0.551843579  0.849469916  0.110269   321.36
572  74313999979261.797  0.320677965  0.824875766  0.082792   410.64
573  72845000060804.250  0.979530037  0.039441753  0.121880   333.85
574  68960000029112.391  0.266928788  0.857171879  0.132344   375.41
575  75829000045946.406  0.600733829  0.287792507  0.116269   409.02
576  68011000071455.438  0.192376997  0.430982111  0.140649   413.54
577  73759999992260.047  0.955051584  0.265576193  0.070817   603.77
578  78400999978419.469  0.029282680  0.336636663  0.020348   586.16
579  73920999937324.828  0.079695329  0.169697054  0.095996   589.95
580  70089000048568.773  0.340741887  0.844575122  0.140351   396.13
581  74101000023211.078  0.538313699  0.811429069  0.099389   530.75
582  70167000064010.938  0.948809449  0.395368318  0.100506   416.88
583  72537999975243.266  0.292541600  0.482331356  0.105747   398.62
584  62058999969378.297  0.464393298  0.961570773  0.145103   526.71
585  66962999971102.812  0.948488919  0.288427492  0.067664   525.56
586  75257000021896.219  0.602542217  0.506391505  0.125773   402.21
587  68195999985497.672  0.122099814  0.535083880  0.100327   505.69
588  73853000070725.672  0.798369189  0.173303376  0.122094   519.08
589  54214999986332.984  0.183786521  0.140553948  0.081429   497.22
590  69295999938447.125  0.419165289  0.424672920  0.146670   397.07
591  73838999929137.078  0.956472178  0.427081544  0.085998   454.31
592  68246999933074.164  0.491804270  0.440543007  0.133650   336.05
593  64627999954412.789  0.564012293  1.010886203  0.135816   437.16
594  73435999972026.234  0.338777850  0.667456405  0.139421   490.87
595  72763999968544.734  0.567905250  0.938386657  0.138773   339.58
596  72205999995964.469  0.077968692  0.118348159  0.139301   527.68
597  67113000072634.367  0.037946425  0.445067040  0.098393   374.26
598  66096999962727.320  0.351131517  0.627045924  0.112870   356.65
599  73149999922296.250  0.778945350  0.327837009  0.030673   630.47
600  66064999950460.578  0.319979694  0.536824811  0.070401   420.34
601  70025999928536.586  0.821371598  0.268347584  0.140772   512.82
602  71555999935187.844  0.555832843  0.945100083  0.071289   481.17
603  75908999962960.141  0.715826966  0.412614405  0.142118   340.49
604  69967000014171.711  0.734125399  0.866432177  0.092992   397.05
605  63752999998163.211  0.599201342  0.605333400  0.104216   259.79
606  68450999981045.539  1.021347148  0.259340847  0.124614   611.88
607  69722999934811.539  0.135479124  0.022004413  0.094619   344.66
608  65165999988116.617  0.340706317  0.108115311  0.104199   411.81
609  73161999983282.844  0.858732029  0.891856895  0.107338   467.70
610  73161999983282.844  0.220220706  0.016894892  0.108493   369.07
611  72082999981018.172  0.957886121  0.274858744  0.134244   351.97
612  65323000034473.367  0.100812574  0.911122118  0.141560   543.72
613  70967000063271.641  0.633550469  0.365962226  0.068734   436.96
614  67809000038865.133  0.685624514  0.411133284  0.058594   350.87
615  65183999951960.117  0.488184300  0.171331014  0.100063   500.52
616  65485000022574.594  0.859657874  0.745740269  0.111396   445.72
617  70193999942309.109  0.853656088  0.485839659  0.081979   410.79
618  72375000044080.094  0.355875462  0.046953563  0.142179   412.55
619  73082000004767.656  0.387053134  0.369959117  0.132887   506.78
620  65829999986042.875  0.600531022  0.679983785  0.099027   411.24
621  65852000073606.672  0.186978118  0.239998410  0.088509   442.24
622  64467999964349.812  0.565697740  0.613222166  0.139281   436.55
623  66908999983846.578  0.258482075  0.195607095  0.113484   532.82
624  73889000010599.875  0.095337144  0.141437556  0.142112   479.08
625  64793000028483.375  0.068028728  0.822700946  0.085311   520.49
626  61073000037274.117  0.354192703  1.023324501  0.101629   406.54
627  70079999974177.773  0.012743068  0.377702131  0.147438   423.42
628  61122000064459.062  0.095504085  0.569487042  0.148907   275.21
629  70436000034943.109  0.776155772  0.110475380  0.114478   517.70
630  65566999985375.633  0.713978802  0.001202253  0.084061   420.27
631  67809999941134.352  1.005609217  0.172999252  0.129555   431.44
632  67268000075922.930  0.398403271  0.279368657  0.074594   435.99
633  65924999929342.281  0.254930994  0.809866196  0.122819   424.80
634  73730999966169.594  0.851672137  0.520452785  0.103721   590.08
635  68154000011326.305  0.029587066  0.374413197  0.132125   383.23
636  71174000001303.391  0.862686980  0.989302187  0.090434   363.07
637  66795999993955.094  0.903898916  0.331687101  0.124590   483.81
638  68312999997518.859  0.484831278  0.412593915  0.071280   383.18
639  62533999956249.891  0.888753141  0.591986727  0.115747   470.86
640  65764999931735.305  0.310599527  0.602081904  0.144597   405.32
641  98104999975024.750  0.816625437  0.015882357  0.097028   418.26
642  63223000038250.797  1.024914444  0.063455128  0.073503   348.14
643  67563999960950.555  1.014241756  0.420040886  0.148243   489.36
644  73063000072189.250  0.875143395  0.134317014  0.148207   400.93
645  67564999984261.836  0.418118074  0.740273950  0.142997   356.58
646  67367000046660.891  0.817983077  0.068338157  0.053719   405.53
647  67106999963727.562  0.200122629  1.019833878  0.139751   521.24
648  61516999990434.680  0.681127534  0.742313803  0.131278   494.57
649  47137999992800.922  0.919449154  0.488670182  0.119712   498.64
650  69038999970539.453  0.335500279  0.965314801  0.091746   381.62
651  70465999921140.062  0.109926439  0.643374160  0.125104   422.36
652  70931000054602.562  0.719165501  0.437150838  0.119400   402.35
653  69268999999707.367  0.398163149  0.276173378  0.137583   492.50
654  70039000047817.641  0.853062118  0.063115696  0.131641   418.81
655  61606000068798.625  0.699669004  0.391424887  0.089967   311.24
656  67501000034863.789  0.211684370  0.315253168  0.148435   325.88
657  46589000029634.109  0.802840007  0.847177967  0.081208   365.10
658  64195999943882.906  0.604210298  0.653187204  0.079978   409.31
659  62830000041095.594  0.883592045  0.146586382  0.145850   463.38
660  63721000037348.719  0.978114662  0.376247067  0.052813   299.21
661  70881999989378.422  0.063040996  1.005277937  0.093024   580.50
662  56988999951631.820  0.579979019  0.390897064  0.079338   385.58
663  61759999953401.438  0.609142249  0.489507521  0.118083   496.13
664  71865999988319.906  0.582599334  1.016870605  0.083505   379.38
665  62084999934749.094  0.446777812  0.148014026  0.090067   360.62
666  62380999936192.664  0.215483498  0.534895786  0.122925   248.78
667  71159999932511.406  0.189000919  0.976466163  0.095545   358.03
668  63848000029342.734  0.320033084  0.858192321  0.126901   304.20
669  62442999991980.180  0.537124641  0.958625059  0.108375   381.15
670  68122000004867.055  0.610746905  0.895505436  0.137578   339.71
671  67510000001737.953  0.182121913  0.032275047  0.147983   461.82
672  64723999968149.094  0.276031762  0.451308966  0.125981   378.87
673  63032999930325.289  1.021123100  0.529085515  0.147927   331.69
674  67055999924378.633  0.645750809  0.060332664  0.125108   507.71
675  64820000045344.422  0.110540306  0.359774946  0.126653   537.54
676  64777000033577.727  0.038729345  0.947195945  0.143469   527.99
677  64777000033577.727  0.998215846  0.523992819  0.141815   306.56
678  57393999948535.922  0.748514347  0.744618022  0.074028   378.82
679  67734999978053.508  0.694335488  0.188018386  0.079295   461.47
680  65478000062306.414  0.587844590  0.282400556  0.073073   365.25
681  69693999996138.891  0.374586194  0.198425959  0.120325   437.90
682  64055000069713.578  0.101796259  0.359590797  0.145726   285.07
683  64044000021941.250  1.027549978  0.249085851  0.141004   568.86
684  70409999948402.797  0.031451112  0.385158928  0.126433   455.50
685  64170999983366.680  0.112583737  0.621066339  0.137939   366.86
686  70306000028572.500  1.017735800  0.109861024  0.128495   493.15
687  65470000011758.922  0.187913754  0.153188404  0.147990   429.60
688  64109000055682.656  0.799747562  0.092515837  0.142445   471.36
689  70172000047750.883  0.583440618  0.083098843  0.123702   416.28
690  43325999962256.539  0.751055285  0.936397697  0.087875   349.95
691  63034999975353.391  0.715085724  0.199644321  0.076013   460.62
692  70103000058418.805  0.020198905  0.111142637  0.138102   505.70
693  69972999981651.977  0.190393029  0.831344846  0.147444   404.58
694  52210999957299.289  0.340442807  0.730112747  0.122876   388.43
695  62767000045165.938  0.054241325  0.097531233  0.142069   265.05
696  69583999948526.617  0.181805834  0.140276702  0.127008   460.29
697  67536000029494.508  0.595972239  1.018406687  0.141673   512.33
698  62676999995897.500  0.451613491  0.352736679  0.140105   464.41
699  56658999974592.102  0.746392184  0.421489143  0.083857   411.02
700  68501000077038.516  0.536039203  0.063649610  0.118887   548.10
701  64287999989911.141  0.750306940  0.102259940  0.116185   310.38
702  63844000011183.859  0.087612090  0.121904145  0.131336   394.05
703  63763999983924.125  0.098205157  0.498601873  0.147411   276.84
704  57154999988557.766  0.958668692  0.149548572  0.047219   339.35
705  55307000024110.055  0.979576864  0.734801383  0.093893   332.53
706  62803000029882.461  0.622370658  0.208661233  0.096062   452.39
707  55988000008964.484  1.024304800  0.172931446  0.108873   293.24
708  56129999971608.672  0.033032084  0.636103467  0.102635   448.62
709  64232999970973.836  0.958370974  0.266598904  0.107686   287.76
710  37048999973657.539  0.237643088  0.129025245  0.105181   409.20
711  65892000036868.289  0.209666229  0.252514184  0.135200   427.15
712  63314999969371.547  0.171342184  0.108846656  0.126421   451.47
713  59577999986024.680  0.063379223  0.898686316  0.014832   451.28
714  62157999981518.820  0.048907721  0.479734742  0.100522   532.67
715  65810000030307.156  0.393752213  0.301339944  0.136475   464.15
716  40684000033701.641  0.088494267  0.708052379  0.124710   344.66
717  64203999989332.617  0.689751782  0.631843398  0.119000   462.58
718  59831000056570.438  0.090822152  0.303614614  0.128199   470.27
719  65655999937232.258  1.011033456  0.676038590  0.141891   524.26
720  64367999966328.195  0.098644718  0.751598204  0.103888   483.72
721  64724999984066.844  0.345770355  0.307698161  0.103345   423.76
722  64949000035822.141  0.063689717  0.443294990  0.006758   389.46
723  62625000017981.445  0.677790237  0.323277319  0.089409   283.31
724  63190999978871.328  0.135485581  0.361094677  0.130629   352.96
725  58844999974903.836  0.543695579  0.247550886  0.145629   494.20
726  65693999976989.680  0.932520221  0.315727374  0.144026   371.16
727  62287999946347.219  0.473586279  0.365581622  0.121852   397.77
728  62244999960463.250  1.014410023  0.224862182  0.099986   427.98
729  63480999931754.883  0.365416793  0.554004017  0.097886   359.50
730  63029000030645.828  0.920395210  0.627388672  0.115236   491.37
731  63223000038250.797  0.179068792  0.103694723  0.147656   394.55
732  54398000038106.180  0.048037343  0.097627522  0.142590   387.91
733  58367000050779.727  0.071721810  0.730089709  0.136826   444.70
734  61399999980041.805  0.498635453  0.379926954  0.131534   351.98
735  62760000012297.844  0.478633526  0.137515975  0.101585   390.99
736  58688000046768.688  0.753926247  0.011842268  0.083230   356.05
737  59645000011037.969  0.449354459  0.964593003  0.146304   379.24
738  65217999934775.508  0.719984253  0.567718692  0.148877   329.84
739  64742999931361.242  0.605354361  0.282653193  0.119564   435.66
740  60500000048413.234  0.553363254  0.631848215  0.068429   507.49
741  56097999985670.172  0.811333686  0.451017688  0.081309   415.65
742  63020999976960.391  0.925286408  0.850239100  0.148686   259.74
743  60866000046607.750  0.278275994  0.167521693  0.113500   280.40
744  61877000068931.578  0.276347388  0.972384973  0.137849   393.04
745  62437000039903.375  0.963676007  0.400279221  0.119541   329.37
746  63460999955493.672  0.794428514  0.040692386  0.116747   293.85
747  58274999974154.500  0.558718500  0.443493731  0.074193   442.09
748  60809000066194.484  0.759350451  0.018687083  0.084567   372.17
749  64546000053570.133  0.238444038  0.526247260  0.123511   485.80
750  60788999979101.773  0.134469695  0.345384323  0.126606   384.14
751  60806999943429.336  0.522871026  0.744263999  0.107942   411.30
752  56583999990307.781  0.796699938  0.991839530  0.142366   525.04
753  63822999948766.750  0.292240496  0.139861017  0.077253   384.70
754  64558000070551.938  0.800268508  0.466549949  0.085397   264.28
755  60803999952636.414  0.932222486  0.406547850  0.083123   383.78
756  53968000019245.617  0.122911235  0.259890521  0.100458   359.97
757  36438000041430.062  0.749562295  0.803662458  0.111174   574.80
758  63482000037537.828  0.188813925  0.117230380  0.078906   599.57
759  63572000041022.328  0.819215384  0.296795194  0.054814   395.52
760  63179000059454.766  0.441858689  0.286434274  0.132662   460.75
761  61047000069671.805  0.742330681  0.550442306  0.100226   400.10
762  62283999995597.234  0.007616460  0.614898013  0.111235   448.19
763  58532000010115.469  0.281067875  0.972608881  0.139322   466.12
764  61794000067008.773  0.457008757  0.833423237  0.119570   319.37
765  54391000054602.836  0.397643722  0.537179183  0.094908   382.56
766  61732000069003.750  0.094661929  0.965130913  0.125398   481.89
767  62112000041722.812  0.326948270  0.171463066  0.128370   497.06
768  61287999953201.766  0.706772075  0.558598561  0.136231   560.90
769  59696000041682.703  0.037530740  0.411887720  0.071251   430.89
770  61075999940076.805  0.938100929  0.840587150  0.122119   395.93
771  60018999972480.102  0.078097183  0.067771816  0.133837   376.34
772  42833999966245.367  0.821639803  0.349224030  0.072465   407.93
773  62750999981862.523  0.985763654  1.023265736  0.104548   350.18
774  62310999985790.156  0.825893450  0.255640226  0.107648   372.41
775  53904999953337.719  0.095538904  0.508319326  0.099898   439.71
776  57202000046191.328  0.178803152  0.055664711  0.147030   340.19
777  58855999995332.266  0.612130776  0.645148549  0.063108   359.57
778  54627000046599.961  0.274669498  0.169902986  0.113936   284.13
779  59160999962076.117  0.722408899  0.738885034  0.079583   423.63
780  63126000002208.211  0.507746945  0.281808418  0.121841   405.45
781  60003999946938.242  0.034158607  0.634041884  0.104562   282.04
782  62922999935987.727  0.811443520  0.115840312  0.092941   490.69
783  63658000017098.773  0.577359838  1.013196164  0.107056   501.29
784  59848999958728.492  0.244478252  0.026345448  0.146685   418.26
785  58223999967534.648  0.227701711  0.512793669  0.082436   449.15
786  59014999937465.367  0.621456908  0.842799442  0.083624   373.79
787  59014999937465.367  0.058600774  0.034318322  0.085890   548.53
788  57381999982496.680  0.319268804  0.387993098  0.088415   363.89
789  60737000016707.492  0.862512831  0.929314121  0.119293   441.97
790  56804000032358.000  0.695659878  0.565391121  0.113027   505.24
791  58775000027475.984  0.454900243  0.846425660  0.078159   425.95
792  59336999974993.258  0.501244284  0.969399954  0.088742   466.22
793  58302999986700.625  0.450828075  0.371950363  0.143447   439.06
794  53639999977822.211  0.615657057  0.172367652  0.097996   386.37
795  58157000058474.195  0.024428239  0.773150717  0.140111   466.06
796  61601999942451.453  0.695529153  0.124162775  0.084951   288.75
797  56043999948403.109  0.402490745  0.062802828  0.143583   454.73
798  62314000005630.242  0.833563701  0.605901173  0.140379   452.03
799  57373999989878.188  0.864676533  0.393428874  0.082752   429.67
800  60167000058330.547  0.096253826  0.542371991  0.135021   563.95
801  51906999968650.891  0.222290579  0.275875259  0.133418   363.83
802  41433000001325.180  0.338494426  0.414899094  0.085987   449.74
803  51094000040060.266  0.116495788  1.024925003  0.132871   300.45
804  51294999982047.352  0.851790575  0.319199148  0.138247   540.66
805  52346000020194.133  1.010956348  0.331674988  0.063953   298.49
806  55188000048077.219  0.217818627  0.066130613  0.139812   440.33
807  47552000027979.391  0.011455119  0.052728264  0.126330   469.72
808  58935000017982.352  0.242720024  0.506379427  0.084353   418.32
809  59028000053421.391  0.223947682  0.185114996  0.124268   471.10
810  50978000004533.859  1.027973395  0.422743982  0.137913   469.77
811  49081999988015.383  0.341179615  0.645820186  0.116915   469.88
812  43958999966723.250  0.349837042  0.869725038  0.081764   251.84
813  37292000038743.172  0.928482542  0.765064345  0.140395   427.37
814  49585000049159.781  0.676995886  0.169368531  0.147085   251.15
815  21961000002855.422  0.227680767  0.473562298  0.087029   216.69
816  57164000058983.328  0.359310654  0.001735992  0.129885   464.18
817  58113999992405.258  1.013872810  0.333646669  0.102147   411.41
818  49129999984748.195  0.649103203  0.597562880  0.061843   506.33
819  52262999943121.375  0.345133467  0.387462151  0.144753   489.74
820  41695999996880.672  0.360835548  0.381427536  0.145044   392.32
821  30277000011048.656  0.201435116  0.544841684  0.073421   280.20
822  53730999950708.930  1.037816180  0.149767611  0.084311   395.03
823  56481999938711.570  0.959384120  0.273893647  0.113530   446.76
824  59892000011894.703  0.962156959  0.189647895  0.075468   556.57
825  56371999966704.625  0.132685654  0.666285149  0.145569   305.85
826  54673999945031.578  0.281430834  0.655033273  0.125589   487.43
827  58535999996585.133  0.698970698  0.019575578  0.128242   526.41
828  56102000019452.930  0.956372013  0.192831550  0.080548   311.12
829  59217000032401.852  0.603297787  0.757778433  0.103513   419.90
830  49414000012019.039  0.230764711  0.807917100  0.105694   334.37
831  43098000018166.055  0.538542721  0.455014213  0.073169   379.71
832  37303999961653.203  0.818307690  0.225475491  0.053302   224.35
833  58551999979759.781  0.275621470  0.004261047  0.127695   457.14
834  56698999959438.242  0.431453804  0.352307101  0.146759   414.61
835  48755999958008.805  0.039279926  0.239437200  0.081569   388.94
836  59923000018927.078  0.156834170  0.197134485  0.097426   351.99
837  48832999944577.812  0.835435357  0.333011701  0.079928   328.95
838  53291000023612.688  0.301310361  0.029539802  0.129044   415.46
839  41234000038882.055  0.203076860  0.031913206  0.137117   446.03
840  49760999956682.141  0.680829152  0.657435754  0.101790   536.16
841  45622999949478.266  0.551359180  0.060709096  0.122152   394.63
842  38523999983309.383  0.536001626  1.031183946  0.134801   407.36
843  57651000018475.766  0.159879752  1.041133300  0.137982   508.61
844  50320999999430.859  0.188396983  0.327173645  0.122343   372.57
845  56768000024101.734  0.829403761  0.443917811  0.085242   420.95
846  51021999950659.188  0.213059114  0.261927669  0.096253   340.68
847  34858000034860.355  0.862312607  0.254489600  0.053848   312.85
848  54671000032003.242  0.454264594  0.835851339  0.132901   393.57
849  60213000047733.297  0.473684890  0.375726470  0.104368   463.43
850  59816999988312.867  0.225589408  0.560049558  0.125583   420.25
851  53130999997745.211  0.888028882  0.996767554  0.120677   403.90
852  57258999998107.188  0.996097679  0.411362778  0.142590   341.43
853  46973999951504.938  0.134524987  0.971550845  0.122117   432.37
854  56512000057064.992  0.537988073  0.831242395  0.144814   296.65
855  50455000056958.383  0.519506904  0.621196209  0.110044   314.82
856  46224000053204.391  0.530764015  0.387283831  0.146401   420.91
857  49631000028161.672  0.411078917  0.947976316  0.076899   543.68
858  51980999986228.320  0.559480354  0.680021763  0.137896   482.09
859  46646000005892.781  0.182067267  0.383980289  0.125350   281.67
860  35478999963750.328  0.184363475  0.106355164  0.148227   385.86
861  34564999982613.688  0.740958590  0.230141786  0.127595   272.49
862  32255999968106.633  0.915562707  0.508539220  0.049174   314.91
863  56539000013593.438  0.713813135  0.351791985  0.136146   399.14
864  54950000030428.680  0.142131149  0.734717153  0.090636   404.06
865  56013999992618.031  0.735110184  0.703447066  0.142932   251.34
866  54780000010350.359  0.767446736  0.204595593  0.107913   352.25
867  50014999983733.695  0.189097122  0.374678749  0.095010   384.25
868  52733750005003.344  0.410429410  0.062703851  0.025631   440.66
869  55813000016546.477  0.226934446  0.535169925  0.121513   411.12
870  53022999983466.945  0.228944804  0.529181403  0.121574   548.44
871  50676999952052.281  0.270357139  0.706031270  0.133482   401.66
872  55861999938604.258  0.216585307  0.324808706  0.104678   331.59
873  46032999993115.875  0.507286614  0.767242341  0.140755   471.53
874  46108999951610.914  0.645148112  0.221530645  0.127311   326.75
875  51230999983425.211  0.409531124  0.796099929  0.127303   370.40
876  47596000016178.641  0.114533637  1.009741005  0.095089   359.46
877  48000999990821.219  0.858215220  0.502812969  0.147278   416.46
878  33556000021284.773  0.123010596  0.197723883  0.148713   251.04
879  59121999985958.500  0.288428539  0.121602011  0.141344   331.29
880  46042000051779.516  0.421564506  0.312561294  0.089048   426.87
881  41339999972274.375  0.604181430  0.816630080  0.091526   517.11
882  41339999972274.375  0.091580742  0.102989052  0.091664   307.36
883  52434999958906.141  0.721623518  0.617880746  0.106900   337.84
884  50480999947828.164  0.517819641  0.532743917  0.136452   371.84
885  48042000012078.188  0.959897090  0.199608856  0.109752   269.96
886  47741999951111.500  0.447843248  0.401951788  0.142279   372.76
887  46889000037251.227  0.305091739  0.157804450  0.107036   434.93
888  46466999947942.172  0.142548737  0.703876958  0.137885   456.11
889  46018000025445.133  0.525206713  0.293703780  0.148504   249.25
890  45113000051784.461  0.881327742  0.074714090  0.053323   496.11
891  44594000049778.492  0.057015927  0.104566480  0.133659   470.53
892  33646000031752.938  0.903542991  0.215509870  0.148735   276.17
893  41897999959031.500  0.148009663  0.711385592  0.117646   323.78
894  37858999964057.266  0.045647847  0.102719259  0.142469   389.43
895  38750999973477.148  0.139868470  0.408333968  0.092503   279.88
896  35838999981064.195  0.292720252  0.841926952  0.101070   328.59
897  30969999974557.184  0.615357070  1.024986404  0.065998   449.95
898  31866999973438.652  0.194627075  0.770578136  0.074200   307.22
899  57510999977983.922  0.993123219  0.086307596  0.145377   412.25
900  52537999978288.555  0.843829221  0.290807441  0.092836   565.94
901  58857000012904.641  0.035436729  0.783876742  0.084476   387.19
902  56293000005639.680  0.080707533  0.137802628  0.137104   263.05
903  56572999937562.320  0.922481175  0.765468598  0.139787   365.88
904  57622999998836.328  0.051057687  0.249131998  0.140418   416.58
905  55609999990153.211  0.553592294  0.236966756  0.142845   457.90
906  56449000031650.727  0.888667271  0.621310685  0.115897   443.68
907  55123999994099.617  0.083492014  0.314412356  0.087252   308.29
908  48767999963674.750  0.571875403  0.688577507  0.117676   265.02
909  51931000049088.242  0.189382989  0.141524351  0.143224   338.95
910  54982999966056.992  0.474687337  0.220678157  0.134610   423.46
911  40019999972337.477  0.755342372  0.497788079  0.051889   515.04
912  49126999974678.133  0.785416559  0.188660964  0.143855   321.18
913  46695999967517.445  0.785854462  0.754064477  0.115245   512.05
914  48853999991974.555  0.515067606  0.707761468  0.146854   281.88
915  36693000009168.539  0.692984795  0.488130107  0.079873   433.70
916  40781999971274.211  0.676268816  0.743469298  0.080558   403.50
917  35403999993777.180  0.265089438  0.144602885  0.130209   311.37
918  35765999982448.523  0.842277274  0.444311557  0.086020   347.81
919  36517000041334.258  0.334482682  0.728328079  0.103583   207.42
920  35791000021361.594  0.969008755  0.893858369  0.096106   307.36
921  57901999999352.461  0.152791411  0.476912946  0.128702   352.23
922  60004999988589.406  0.365328095  0.398652941  0.129551   433.54
923  57517999937797.367  0.008032511  0.028787705  0.149434   344.77
924  51779000033840.508  0.216248947  0.958185026  0.080441   317.67
925  50479000017099.555  0.732810555  0.245417483  0.127212   398.08
926  50393000048931.828  0.541882426  0.049179975  0.095012   420.00
927  51517000032183.852  0.335550335  0.234473291  0.142171   357.17
928  49733999997730.555  0.614419723  0.976775994  0.083988   397.67
929  49482000006064.234  0.826233353  0.243655364  0.080932   382.50
930  48674000025890.156  0.093778600  0.078023112  0.113333   455.10
931  45459999959286.266  0.790320097  0.556722891  0.083097   308.36
932  46340999971556.930  0.760601834  0.285016176  0.076739   359.95
933  48512000042900.570  0.731663647  0.911767681  0.089252   360.05
934  48322999952873.117  0.722668185  0.634760157  0.143027   261.13
935  47308999979217.859  0.554973216  0.904443686  0.085778   313.93
936  30133000028681.191  0.450549154  0.488831817  0.134314   408.14
937  47168999984586.133  0.253173273  0.535222895  0.109826   320.59
938  39429999993351.930  0.812596170  0.970436801  0.146274   511.91
939  42905999958060.312  0.904413631  0.263423347  0.134984   312.55
940  45063000016785.156  0.726095733  0.600274423  0.141664   502.67
941  43435000015101.430  0.791715959  0.035601104  0.118290   354.45
942  42612999993635.672  0.880055607  0.886186669  0.083343   307.87
943  46883999970592.250  0.237488540  0.595104653  0.118302   394.22
944  42590999994716.867  0.459010406  0.303926679  0.133292   404.26
945  43883000014831.797  0.503516773  0.460387244  0.136180   312.66
946  41900000003251.742  0.924238739  0.220232574  0.129483   357.21
947  38545999993995.203  0.404015744  0.525215666  0.092247   401.39
948  38743999996566.859  0.133536066  0.979257975  0.119053   360.97
949  35813000023303.758  0.663772573  0.174919585  0.127176   303.94
950  39400999964773.570  0.837254845  1.027022226  0.099116   382.74
951  35543000036205.016  0.964748442  0.464376490  0.134617   411.98
952  35145000028109.543  0.108953173  0.103618225  0.147717   274.50
953  35718000005313.234  0.533715873  0.628216429  0.050247   455.67
954  32450999968071.234  0.882451333  0.644875736  0.119913    86.59
955  32510999993456.484  0.807791191  0.922447682  0.111193   352.16
956  60907000046258.180  1.040971508  0.154787073  0.104541   411.27
957  52274999941054.836  1.023919502  0.843308153  0.096958   468.24
958  59355999978393.375  0.348482910  0.192645865  0.147162   444.33
959  52452000055885.430  0.549345576  0.956501255  0.064130   473.51
960  53642000023296.258  0.531067109  0.707594178  0.080837   393.62
961  51019999967837.891  0.610675032  0.693123199  0.107516   506.58
962  51081000029477.367  0.665268373  0.133467841  0.143594   355.24
963  49397000004099.172  0.331600917  0.232050460  0.093921   244.63
964  54139999945835.867  0.022281833  0.099489195  0.073682   375.89
965  49448000047391.359  0.399739949  0.783460656  0.128478   342.48
966  50978000004533.859  0.979878265  0.916440555  0.138542   332.82
967  46087000004376.430  0.974535183  0.240296373  0.070840   527.15
968  47974000022468.055  0.861987976  0.328488645  0.075292   572.81
969  47614000042652.430  0.256554673  0.873094570  0.134305   445.72
970  47442999966771.320  0.924791973  0.700880490  0.047365   304.51
971  42836000010376.344  0.109257995  0.198371295  0.102168   355.35
972  43020999989068.273  0.462035655  0.686741368  0.093202   353.30
973  40246000013057.289  0.749214067  0.507728095  0.081064   409.65
974  40936000003387.516  0.136914413  0.425138452  0.091517   474.86
975  41960000046229.109  0.170429691  0.973463307  0.133375   408.61
976  35292000036186.836  0.393623967  0.534598888  0.106624   364.71
977  36342999992371.391  0.454471537  0.343539946  0.144890   347.75
978  34979999988509.719  0.610312143  0.443107437  0.116478   564.85
979  34010999972093.945  0.579284605  0.491297513  0.062520   205.28
980  36003999997588.445  0.227150082  0.311932627  0.148501   204.72
981  35930999977246.539  0.424927703  0.790216476  0.077098   367.54
982  36505000018760.695  0.545238275  0.431543915  0.108073   284.59
983  33651999981126.406  0.962247996  0.202558969  0.130998   246.08
984  33581000020199.695  0.015547742  0.400580098  0.138866   266.37
985  25259999987244.121  0.507496857  0.283991476  0.059295   288.55
986  34322999974558.645  0.479984359  0.246430664  0.138028   292.21
987  34253000035088.312  0.458787597  0.174604152  0.106724   352.63
988  31028999971157.289  0.528552317  0.402681562  0.070591   264.45
989  34500999989141.039  0.837878573  0.278583312  0.098908   390.22
990  30547000006437.125  0.054341908  0.597181368  0.114903   329.95
991  59958000028373.406  0.775265707  0.016337730  0.142757   453.89
992  58637999979215.383  0.561258879  0.354140395  0.076553   570.11
993  52126999971267.961  0.313634480  0.721292220  0.104000   451.70
994  54048000013575.609  0.946323542  0.170115235  0.132510   311.65
995  56005000055677.336  0.544953472  0.619539490  0.137395   451.73
996  54257999971910.211  0.054670781  1.004848481  0.116072   344.61
997  48245999944484.875  0.664969695  0.774867981  0.081629   401.62
998  54340999977768.688  0.858178742  0.136388283  0.116494   529.71
999  58201000041506.094  0.481118928  0.373102141  0.134546   454.58
1000  53819000004411.547  1.044372841  0.472380326  0.040319   379.41
