# halo-id  m200  ra  dec  z  vdisp
1  906069999703932.875  0.866276721  0.428626684  0.081189   951.16
2  965470001078600.250  0.203500155  0.037628950  0.144739   955.71
3  741129999469325.750  0.309912879  0.970279146  0.138930   924.71
4  480110000229834.375  0.776369575  0.462074174  0.082692   804.49
5  445789999874825.812  0.162842535  0.065374100  0.147555   761.34
6  416930000284487.438  0.292515437  0.208826900  0.098324   923.93
7  430539999523944.500  0.720484133  0.691534356  0.109908   906.42
8  353839999705429.875  0.000563471  0.638567104  0.134015   681.50
9  350539999737053.812  0.750285630  0.100908305  0.130027   755.85
10  366520000090322.625  0.529665540  0.782588183  0.146342   752.63
11  356769999690113.562  0.705537133  0.474486956  0.053571   848.14
12  337590000318668.312  0.190267068  0.894142648  0.083363   812.79
13  350580000247087.375  0.623534583  0.392103924  0.114442   816.67
14  334549999834032.500  0.633968162  0.011390891  0.047602   765.33
15  360709999605206.188  0.772861463  0.463856155  0.087012   961.55
16  351250000070253.812  0.651571552  0.082355106  0.111237   804.73
17  337380000083086.000  0.094131715  0.699662355  0.082484   697.95
18  338540000102194.312  0.759919847  0.721559255  0.134177   731.87
19  286830000057421.438  0.785647745  0.053211075  0.116666   617.23
20  284500000176159.562  0.443482927  0.299681759  0.132886   716.62
21  289539999957088.312  0.173763235  0.141143555  0.083648   619.84
22  289260000088816.375  0.146328754  0.092475049  0.146915   644.26
23  266740000100693.812  0.608276915  0.873973623  0.088964   781.67
24  266740000100693.812  0.060325735  0.054253211  0.091966   614.72
25  270250000233136.062  0.817934591  0.180852762  0.086661   650.71
26  270289999830055.000  0.970361176  0.907560739  0.038186   621.71
27  292009999803368.188  0.298892870  1.029852469  0.076710   734.14
28  328689999702866.688  0.664157122  0.620776963  0.138176   708.25
29  291370000024200.938  0.277851181  0.125180424  0.130192   551.80
30  307730000115596.938  1.001480397  0.922544391  0.098014   739.73
31  280969999695327.938  0.860000517  0.401699745  0.081088   738.12
32  277440000130247.031  0.716742147  0.452987990  0.081764   713.86
33  283620000204696.062  0.737783836  0.575899312  0.108189   707.64
34  282589999723737.188  0.206456743  0.043605306  0.144934   663.86
35  292880000085325.938  0.218768295  0.622990041  0.127662   766.10
36  274260000206519.062  0.236551455  0.825828716  0.122183   764.74
37  271790000222308.719  0.576087808  0.670408891  0.098489   743.70
38  304739999851073.000  0.899914452  0.306350662  0.127248   661.54
39  289650000109995.312  0.043839355  0.667546551  0.016704   872.42
40  284239999685014.250  0.900685887  0.051356662  0.142447   692.25
41  276410000029623.156  0.458340915  0.813147153  0.127518   643.83
42  277320000302204.969  0.743267661  0.435777298  0.083855   654.58
43  263049999919335.031  1.000900947  0.175016381  0.108585   804.12
44  276969999991224.438  0.414452865  0.582564724  0.130849   717.59
45  277170000109194.125  0.171634457  0.099743123  0.147325   669.64
46  265329999986004.375  0.598949875  0.443146078  0.116484   785.45
47  271379999919039.531  0.820439139  0.731757214  0.108640  1002.04
48  262589999886840.312  0.327339992  0.133780709  0.101849   922.58
49  268409999961087.062  0.778093960  1.007337722  0.066321   626.61
50  264140000301196.469  0.121945980  0.341351495  0.085550   766.54
51  262409999851944.500  0.857143413  0.362480451  0.051210   668.56
52  261860000276358.594  0.454319676  0.404876244  0.143901   678.41
53  263600000047359.531  0.408904464  0.489685283  0.137033   644.54
54  203150000157904.938  0.098756489  0.725528134  0.136582   891.48
55  243850000040660.156  0.990350432  0.875710226  0.136770   559.00
56  228789999839855.156  0.604953808  0.081848088  0.073756   694.67
57  253110000100902.594  0.670194215  0.580831612  0.141217   750.08
58  240289999770003.219  0.069729918  0.627131707  0.145775   657.19
59  249449999841930.344  0.038899375  0.406666952  0.130689   737.25
60  249449999841930.344  0.987591067  0.147810887  0.131372   588.59
61  215389999870201.562  0.295019985  0.378980794  0.127071   626.20
62  239019999965834.375  0.739965498  0.254203715  0.075785   671.54
63  189479999975602.781  0.540722201  0.265797937  0.146028   875.05
64  196829999783831.969  0.605109142  0.465205295  0.117802   565.92
65  230400000132005.938  0.123540339  0.153810456  0.116526   698.61
66  251640000282196.438  0.531864655  0.956958793  0.138856   582.12
67  221589999751138.844  0.209622770  0.536835353  0.072421   579.50
68  237620000248823.438  0.931876666  0.738129411  0.127815   568.49
69  225250000180958.938  0.011678207  0.023134514  0.134869   727.32
70  223099999854190.406  0.156813470  0.552098257  0.061892   694.03
71  228969999926590.688  0.492387053  0.129970655  0.101970   668.76
72  194170000172730.625  0.739433172  0.706793770  0.143919   565.46
73  221629999767137.031  0.173940910  0.093270046  0.132739   631.66
74  208890000050387.312  0.610477775  0.955932539  0.129988   637.24
75  205549999944922.938  0.680669682  0.383415675  0.111835   627.66
76  224629999943228.406  0.932754567  0.615062755  0.115809   504.71
77  201640000108591.812  0.974649450  0.470833982  0.048022   493.81
78  218100000211573.750  0.911402209  0.845416546  0.090652   597.76
79  202569999955013.000  0.153334505  0.726695759  0.091988   662.28
80  192069999833271.906  0.569410178  0.450404903  0.060377   761.87
81  204470000005740.844  0.578178712  0.986632881  0.091388   609.60
82  198119999858390.406  0.224217213  0.166532510  0.100431   612.47
83  188680000185222.469  0.297730481  0.588533750  0.130571   592.31
84  195370000223629.125  0.697047851  0.763845092  0.107426   662.05
85  209290000006181.312  0.279175886  0.567921412  0.117084   585.06
86  201020000161079.375  0.002401835  0.000702073  0.098807   671.57
87  190460000002585.844  0.285176328  0.382171256  0.126083   538.14
88  200929999887405.250  0.261385745  0.492718665  0.145440   591.60
89  219170000186131.719  0.097109421  0.229229799  0.102831   518.33
90  190930000194662.844  0.062894336  0.527482133  0.146978   657.98
91  204780000159241.844  0.483150770  0.440273266  0.034417   704.35
92  201100000186728.750  0.217351088  0.708950997  0.122081   567.02
93  203060000071014.344  1.018912745  0.341539991  0.074943   670.64
94  206570000231060.688  0.066098411  0.574927164  0.122241   677.67
95  211919999858893.469  0.514552734  0.798200153  0.108856   545.77
96  196890000010615.062  1.014046767  0.774941896  0.029262   702.45
97  187969999817043.750  0.820227954  0.142123383  0.125809   523.80
98  189490000093911.781  0.625501569  0.965622607  0.091012   572.42
99  184979999953082.438  0.008880776  0.590286061  0.114630   719.63
100  191549999859259.594  0.797280365  0.144234009  0.124749   623.96
101  182479999887143.844  0.665839619  0.885627186  0.090043   588.31
102  182479999887143.844  0.084110384  0.026610861  0.092935   588.24
103  168119999870937.375  0.834811925  0.293815708  0.086768   579.14
104  181499999844478.969  0.980147237  0.888798450  0.136760   548.13
105  160690000091593.750  0.843156344  0.305542575  0.138349   554.50
106  186860000210126.062  0.836265784  0.336181830  0.136842   698.31
107  183039999952403.531  0.980393329  0.202765371  0.070675   714.30
108  160419999998500.562  0.101099070  0.337766589  0.084754   459.93
109  160620000158818.844  0.513334494  0.949333449  0.071451   611.58
110  182590000159185.281  0.622414082  0.590326204  0.052711   689.15
111  190319999987199.438  0.612381929  0.875256440  0.083914   601.07
112  165020000083921.688  0.717937697  0.523062960  0.148054   546.74
113  191370000057230.125  0.037033269  0.014520773  0.087357   671.92
114  191229999984867.656  0.067308099  0.474644035  0.145615   664.45
115  150250000112514.938  1.026679461  0.425989492  0.147388   536.46
116  183699999870647.688  0.257839236  0.102109964  0.139524   456.42
117  179470000077619.188  0.394109308  0.674438856  0.145671   718.35
118  172709999930487.094  0.145440555  0.750299592  0.103717   541.55
119  183849999913267.656  0.296487807  0.167071468  0.101710   568.48
120  168920000096121.594  0.763852074  0.053550018  0.116170   480.70
121  166470000178688.594  0.465173879  0.778713552  0.113644   708.27
122  139429999881794.719  0.724929486  0.743724937  0.078373   635.72
123  164509999862145.281  0.074884573  0.266366914  0.105771   528.50
124  172920000055099.875  0.631362385  0.275158138  0.120067   591.82
125  154060000168434.469  0.197710898  0.360555353  0.078334   547.06
126  184780000096487.031  0.763042241  0.728561516  0.110875   500.21
127  172990000129077.438  1.027129755  0.659799034  0.127480   501.25
128  147490000128250.906  0.229137296  1.004114099  0.139478   645.29
129  158269999868945.062  0.430187009  0.314178464  0.132389   514.04
130  165850000055181.500  0.890618828  0.377568822  0.125859   693.99
131  173279999887785.500  0.880673942  0.875622959  0.084106   604.60
132  150879999863378.375  0.544094177  0.785548262  0.147433   570.88
133  152940000051798.469  0.490797058  0.913810763  0.088345   453.40
134  151370000025382.281  0.006447892  0.649396872  0.133340   598.14
135  151280000056784.531  0.757825452  0.110578651  0.131017   576.65
136  172250000166714.125  0.153130127  0.718347850  0.117952   553.47
137  168329999836001.312  0.905462853  0.226213870  0.120331   536.04
138  162990000092554.969  0.195899246  0.382129368  0.078160   703.68
139  164740000133650.281  0.093618588  0.453335311  0.115662   515.22
140  152780000108470.469  0.807356151  0.127030648  0.118071   680.67
141  150949999875179.969  0.116712261  0.580599484  0.124450   496.22
142  159569999985213.719  0.719262402  0.846196708  0.081164   455.36
143  154570000026505.250  0.990008348  1.040073117  0.092805   574.55
144  167910000144446.812  1.016193522  0.018485655  0.134613   671.69
145  149740000071709.188  0.838410794  0.009818123  0.135240   587.95
146  147029999921357.625  0.745550551  0.154112398  0.116206   506.09
147  153429999985616.281  0.228325718  0.692258668  0.144603   710.24
148  148679999854950.938  1.024138261  0.821725446  0.133477   585.65
149  155850000138928.875  0.421325972  0.518856716  0.136352   685.51
150  145800000006057.500  0.194614684  0.555910056  0.126464   575.19
151  144940000005920.406  0.710123858  1.039661219  0.136947   456.15
152  146340000101972.844  0.285801156  0.074183125  0.130019   406.69
153  127629999930356.578  0.981857660  1.022827519  0.128096   494.09
154  143140000040235.250  0.121640722  0.080493712  0.058765   549.82
155  146670000005573.125  0.012738373  0.656386916  0.148933   587.43
156  140270000003311.656  0.271756491  0.462217291  0.078650   621.92
157  150130000138574.188  0.103442000  0.458166382  0.098991   532.36
158  141030000029903.125  0.249500053  0.293241494  0.111882   555.53
159  144109999940980.969  1.013690720  0.808740197  0.130573   573.77
160  143129999908186.062  0.546802928  0.235115049  0.108162   498.93
161  122029999923689.688  0.422252742  0.264525592  0.140169   521.54
162  137280000156585.906  0.041340043  0.387920370  0.125919   490.06
163  137280000156585.906  1.013692466  0.126908649  0.129009   548.26
164  140939999947670.094  0.983077645  0.758560235  0.135938   462.56
165  144860000045130.719  0.882298843  0.564383630  0.127356   443.88
166  147830000033046.969  0.610195032  0.484693641  0.053978   662.75
167  134300000102445.344  0.346770742  0.721508641  0.106552   561.62
168  150229999915160.625  0.884347860  0.188500795  0.082666   705.79
169  138959999859520.672  0.624534657  0.717719531  0.122855   487.66
170  116450000034670.031  0.551846930  0.360274355  0.115225   454.79
171  135909999852190.141  0.646312875  0.657076321  0.100878   431.97
172  138689999949624.891  0.306249433  0.807951308  0.123567   445.70
173  120759999902384.016  0.726515990  0.045479615  0.125452   548.51
174  145840000118567.250  0.624761550  0.375762407  0.114877   708.47
175  121970000051349.469  0.757392610  0.529642851  0.139124   636.06
176  93388000077607.578  0.380761030  0.298864945  0.140547   605.63
177  124850000089875.188  0.718497948  0.511892852  0.133424   596.72
178  138990000024701.375  0.275077853  0.991568672  0.138913   497.17
179  116589999919280.719  0.712281085  0.279893216  0.057690   539.09
180  130370000142214.031  0.243099930  0.578054794  0.125852   482.81
181  135300000125356.516  0.433435066  0.536463598  0.092606   577.59
182  134450000136426.562  0.637177822  0.095552588  0.102632   540.62
183  134280000131104.781  0.909061722  0.008895367  0.144639   527.54
184  130630000045356.938  0.642551691  0.249854354  0.124557   515.31
185  131879999856938.922  0.203034152  0.780205809  0.105022   467.91
186  134539999892570.172  0.528819055  0.053713555  0.084030   455.51
187  137719999989650.500  0.226735723  0.380460833  0.137139   723.00
188  138440000120466.047  0.158511326  0.964198419  0.118916   602.12
189  123139999927565.844  0.838815710  0.514537026  0.146958   541.88
190  135759999903213.078  0.169866264  0.917069293  0.142750   534.20
191  99486000072140.219  0.739942808  0.250355264  0.129577   494.20
192  130790000067182.766  0.572324878  0.881499483  0.078355   512.00
193  131730000053368.969  0.552496192  0.477878131  0.074334   439.84
194  130579999919286.359  0.130719750  0.986863264  0.144423   486.33
195  125919999995653.703  0.520771342  0.548951428  0.116635   521.40
196  138650000027493.688  0.871675024  0.390013020  0.125099   822.44
197  129109999962875.203  0.274592651  0.311794344  0.128038   494.10
198  134759999904093.062  0.038235102  0.620129446  0.123925   510.74
199  135050000148183.688  0.808810010  0.041089414  0.127681   551.63
200  140420000097433.172  0.140366185  0.765557260  0.103970   476.34
201  132429999984498.047  0.331193679  0.420502177  0.084707   698.84
202  137569999911572.016  0.871617428  0.389960660  0.125312   667.91
203  130879999901380.016  0.982412675  0.474815078  0.146357   491.44
204  123280000082217.297  0.178688554  0.483936168  0.125576   609.07
205  119099999867604.234  0.198937864  0.823753519  0.147245   579.40
206  126140000099536.453  0.187628131  0.143143004  0.080282   702.58
207  135090000098730.922  0.172038675  0.114877048  0.079051   569.86
208  131879999856938.922  0.751385187  0.244391474  0.101408   568.48
209  130399999881127.766  0.738722823  0.070510953  0.116514   368.60
210  125990000019234.859  0.586271804  0.523766327  0.073288   545.64
211  134580000010346.297  0.437086295  0.388779072  0.143221   533.62
212  121020000112464.328  0.335874652  0.405530742  0.087066   475.89
213  117000000068384.672  0.571228811  0.463393643  0.075514   472.04
214  96070000065995.109  0.796004529  0.997434724  0.115543   449.33
215  124030000085769.672  1.006836812  0.057696222  0.146568   500.46
216  123600000070353.672  0.654917349  0.466095413  0.080836   501.23
217  133950000017202.078  0.624965753  0.259588056  0.120460   364.36
218  131370000026683.062  0.522710403  0.364621970  0.134474   463.32
219  130690000011033.109  1.033419922  0.154720471  0.105381   581.30
220  127659999972431.828  0.289771780  0.207877441  0.142294   585.32
221  131319999982673.062  1.040636859  0.669555425  0.127939   457.08
222  128390000042018.047  0.054476787  0.735350847  0.133320   656.92
223  128010000124098.953  0.094546580  0.990963043  0.119339   443.02
224  122440000021060.859  0.427883174  0.274599633  0.138508   517.85
225  127869999947942.969  0.405689567  0.323549137  0.135135   509.48
226  96951000008175.266  0.273831688  0.552075568  0.116378   522.93
227  126150000042526.875  0.544818489  0.239151995  0.142093   637.40
228  124189999976210.141  0.368229566  0.519525177  0.091791   469.93
229  123109999912092.625  0.760965299  0.521537542  0.137178   495.28
230  127260000029242.609  0.050468464  0.068458446  0.145736   656.65
231  120169999952307.625  0.790018050  0.527005658  0.137714   439.56
232  122980000082507.750  0.759699935  0.999178307  0.138379   435.50
233  117069999904479.734  0.129475505  0.256086925  0.117067   578.94
234  120999999911832.922  0.801561658  0.113943820  0.115881   562.28
235  118960000133150.750  0.104181845  0.111695836  0.148032   597.64
236  131799999921704.938  0.749636367  0.213136118  0.144752   518.00
237  125210000130649.531  0.076491149  0.577342699  0.120946   464.27
238  128349999997794.422  0.567483334  0.017478949  0.082583   481.98
239  123800000090050.703  0.057657475  0.105564320  0.116662   497.87
240  128560000072439.688  0.468591234  0.520366426  0.122078   576.10
241  118049999887263.875  0.870584194  0.320320278  0.075470   615.19
242  122980000082507.750  0.515212469  0.453897307  0.074201   430.15
243  121619999978534.406  0.208200326  0.388829687  0.128993   491.20
244  122980000082507.750  0.311515092  0.212823704  0.094100   370.47
245  129719999999720.672  0.230132134  0.357977502  0.104821   583.85
246  111579999980897.750  0.544661409  1.046070068  0.133918   463.97
247  121109999963754.094  0.512299514  0.541088720  0.136556   544.75
248  127770000060778.812  0.788148802  0.120445346  0.113462   587.75
249  124890000113176.062  0.084124870  0.417971449  0.127142   550.74
250  113850000012802.891  0.728215941  0.655638169  0.106233   601.25
251  126880000007733.781  1.043904115  1.008945170  0.123822   612.82
252  111149999991039.844  1.009231404  0.112477220  0.134031   574.74
253  86619000084770.641  0.919825168  0.289860792  0.072915   640.25
254  86241000060431.547  0.063498743  0.101395601  0.143541   438.05
255  128949999859273.906  0.562430606  0.661893430  0.119097   508.31
256  110730000021590.375  0.397198541  0.262576059  0.137106   547.44
257  98565999909840.922  0.472219773  0.325662730  0.120293   486.96
258  118019999917664.719  0.723351708  0.106892166  0.006699   535.73
259  113339999920278.312  0.628964303  0.482353155  0.080690   432.01
260  123880000089923.359  0.492793714  0.939601493  0.088898   563.56
261  130269999956499.016  0.378993011  0.770957309  0.127115   566.77
262  107550000068477.766  0.597068410  0.494764191  0.053805   585.59
263  117440000115738.984  0.520759125  0.117620356  0.130600   616.66
264  116690000042382.375  0.926029813  0.807679037  0.090178   714.10
265  123240000100765.906  0.007860212  0.007336474  0.146667   572.41
266  122070000120034.406  0.474556769  0.413742516  0.143075   475.68
267  123139999927565.844  0.120322475  0.276851107  0.122171   566.37
268  127390000113642.922  0.202219083  0.024267931  0.135894   449.93
269  106029999900575.062  0.559372789  0.118994803  0.064989   456.94
270  100430000071103.266  0.110159597  0.097574726  0.146945   419.82
271  113929999900404.531  1.025469947  0.175236293  0.107174   638.51
272  118720000017781.719  0.583784710  0.628032297  0.064821   616.32
273  108209999990525.625  0.103504831  0.677665970  0.082077   493.14
274  106239999994143.266  0.140160935  0.509110797  0.015521   494.81
275  113320000039556.750  0.248899659  0.722932829  0.121585   545.09
276  125820000043750.172  0.116793943  0.321772392  0.147951   498.66
277  114639999897240.406  0.220609617  0.380504466  0.138184   653.61
278  110930000002819.594  0.593890166  1.029267784  0.070408   668.06
279  109119999921506.141  0.664359580  0.024663422  0.080389   387.68
280  120909999953052.672  0.608420032  0.611919417  0.102365   532.59
281  110519999937785.906  0.510304603  0.513653890  0.134898   646.85
282  110469999997842.094  0.080472419  0.649402108  0.117117   398.20
283  109920000072013.141  0.777254457  0.729336442  0.134052   480.39
284  109810000115162.516  0.387428187  0.051072348  0.050333   545.29
285  118599999992286.812  0.960541954  1.042986072  0.083186   540.91
286  103320000118646.984  0.814208313  0.216022892  0.052487   610.33
287  111100000015127.031  0.207774466  0.690691362  0.090488   518.20
288  107750000041490.688  0.896495352  0.999888656  0.083144   389.97
289  94192999960958.625  0.033172077  0.104385874  0.142203   474.20
290  96885000089495.141  0.774077958  0.603908356  0.139436   496.66
291  96615999934945.656  0.086360637  0.204093567  0.102582   385.44
292  120299999905862.469  0.314918484  0.851643880  0.125440   590.75
293  95655999947917.672  0.519111534  0.822763917  0.108112   394.22
294  111210000064215.594  0.821145997  0.283603786  0.053390   533.48
295  104139999918549.453  0.368496601  0.043964669  0.078922   595.31
296  118150000008600.078  0.470998043  0.323955798  0.106171   510.37
297  104420000030127.219  0.913065508  0.248753052  0.119581   579.61
298  106460000040021.297  0.715537869  0.634121750  0.116277   542.32
299  106460000040021.297  0.743138506  0.542587958  0.138381   529.21
300  106460000040021.297  0.072923870  0.610755282  0.117020   545.54
301  79671999933425.047  0.152582094  0.240441794  0.114153   413.01
302  104489999957198.016  0.353671774  0.279615709  0.101066   572.32
303  106580000023339.969  0.429551709  0.945978927  0.077033   425.02
304  112750000116827.688  0.076842309  0.575740487  0.143055   552.93
305  110100000007161.562  0.066790609  0.575417601  0.108487   523.80
306  112750000116827.688  0.746676289  0.070137801  0.146134   602.09
307  97620999971989.031  0.500242780  0.974574401  0.141892   395.73
308  114910000092972.938  0.277357253  0.546028002  0.115989   532.08
309  105069999937695.828  0.072450712  0.730629731  0.133902   623.01
310  116469999873620.672  0.948771453  0.429768130  0.136690   564.46
311  112320000055415.984  0.004545274  0.267803320  0.114646   491.54
312  102590000043469.484  0.198318272  0.183458539  0.113985   626.29
313  98233999889855.234  0.202245263  0.676219092  0.146697   482.63
314  115790000018471.891  0.764480392  0.565177754  0.125697   457.78
315  113020000009920.547  1.031468644  0.120005698  0.143144   527.36
316  99992999925816.875  0.027937485  0.841969520  0.141035   462.72
317  99992999925816.875  0.737387646  0.351095668  0.142709   565.14
318  114340000032053.172  0.788726506  0.707521572  0.144381   520.99
319  109199999907288.734  0.930361720  0.776910627  0.094367   503.80
320  111090000059061.609  0.151906826  0.222962321  0.099288   478.24
321  98127000107290.031  0.152522753  0.419482904  0.130648   537.72
322  103479999989395.344  0.940790063  0.735781943  0.029539   616.80
323  100630000071869.312  0.463592611  0.963411275  0.146563   502.49
324  103950000079587.922  0.255305018  0.522050669  0.126141   502.60
325  105610000091911.359  1.043853500  0.342184017  0.141653   605.67
326  98267999963528.656  0.374760588  0.039517919  0.079060   445.83
327  106529999994780.781  0.576885423  0.444486491  0.103406   529.84
328  98753000033084.250  0.291860939  0.727210631  0.124799   498.94
329  96977999929643.406  0.482868027  0.760480098  0.138005   486.73
330  105179999884371.156  0.734902297  0.360665309  0.084457   525.78
331  102979999883522.672  0.544930190  0.247314900  0.143909   609.74
332  109830000100855.344  0.579561013  0.758485186  0.106798   588.81
333  80057000068853.875  0.092559872  0.249419767  0.103629   400.16
334  83454999908736.359  0.485044452  0.423381970  0.133240   471.92
335  89053999947758.156  0.359605894  0.545771438  0.097525   445.98
336  109969999986268.203  0.608029078  0.037485484  0.135109   549.47
337  97947000087612.828  0.364463145  0.553518955  0.096630   577.89
338  109300000012658.641  0.596495942  0.707760682  0.146818   448.49
339  90708999959755.234  0.099591803  0.972989642  0.124430   421.20
340  89304000054874.250  0.693089445  0.553147200  0.140326   553.18
341  102419999882467.312  0.302732595  0.123937925  0.103246   556.96
342  110600000007976.453  0.607219245  0.448750331  0.116066   689.70
343  93838999988926.125  0.416493155  0.976820640  0.125202   479.64
344  102240000043711.000  0.809576210  0.752385261  0.111093   522.68
345  103490000012819.031  0.123683630  0.154034382  0.095178   505.77
346  103459999982594.547  0.600861011  0.797392066  0.099294   560.67
347  99632999921692.984  0.445793743  0.295477261  0.086053   475.96
348  102900000056288.141  0.076412609  0.002969294  0.125427   583.34
349  103829999996703.141  0.926939130  0.868158186  0.089520   514.92
350  105329999955128.609  0.249486090  0.692080644  0.148075   511.19
351  75994000083844.250  0.496439707  0.778767658  0.109787   358.85
352  98873000068487.500  0.113522847  0.556592480  0.086008   428.67
353  106369999940917.422  0.645281386  1.016874201  0.085527   508.49
354  102960000024577.281  0.892926153  0.225604750  0.123315   562.88
355  93158999994678.922  0.565669937  0.991226587  0.137489   343.99
356  101789999914502.812  0.880269026  1.004655151  0.071849   323.28
357  78976000057989.750  0.095448915  0.996378799  0.143789   447.18
358  78976000057989.750  0.977691559  0.471816602  0.144823   357.76
359  97098000109006.594  0.255959516  0.476199124  0.125322   486.97
360  100070000049583.547  0.411299056  0.421376587  0.136736   507.64
361  96063999949753.641  1.002827791  0.296573328  0.124274   554.61
362  101750000024071.438  0.199559201  0.694538068  0.121294   501.06
363  90780999913647.750  0.715571031  0.030003083  0.127574   663.22
364  93424000019960.125  0.609969884  0.865686800  0.089161   356.98
365  93424000019960.125  0.068903330  0.064747876  0.091048   460.12
366  97411999979856.203  0.962163365  0.766960505  0.093988   364.07
367  89236000037816.828  0.467217659  0.326013542  0.121101   442.59
368  98533999912386.344  0.309628391  0.720992023  0.123682   382.16
369  89099999992434.828  0.771432039  0.610250882  0.139751   379.57
370  96898999967772.547  0.059044314  0.233366229  0.137585   416.21
371  95476000044295.641  0.236495604  0.616375243  0.119306   481.75
372  102230000048363.609  0.008476157  0.265415710  0.115876   644.10
373  92821000011357.625  0.400978924  0.376752008  0.133413   404.61
374  99479000016085.297  0.880330112  0.383675729  0.126721   556.80
375  92561000010582.484  0.831766326  0.288351082  0.137744   483.16
376  100560000074581.156  0.694984872  0.373650558  0.135026   489.24
377  95910999974882.438  0.261321168  0.570836112  0.117480   597.51
378  98893000052501.906  0.960323788  0.592158799  0.145507   468.89
379  100560000074581.156  0.844669545  0.450237351  0.130273   472.70
380  75853999943044.656  0.219829455  1.005478946  0.139325   506.79
381  93675000050508.125  0.504827759  0.941968160  0.062310   554.50
382  91748000018747.703  0.096113886  0.965964692  0.123995   514.52
383  91902999927779.312  0.702231479  0.553915145  0.140995   485.69
384  83715999939253.266  0.250042850  0.107386967  0.141686   701.23
385  93430000032775.031  0.867166839  0.476323042  0.080847   410.64
386  95273999979252.734  0.616471236  0.508395212  0.131561   546.02
387  101400000000626.406  0.504628792  0.348421824  0.113082   433.81
388  99115999998580.891  0.917742990  0.988324105  0.092279   573.28
389  92942000056058.469  0.553723158  0.473167487  0.144130   378.37
390  92358999994179.312  0.023548157  0.846660965  0.140750   489.33
391  92358999994179.312  0.742264096  0.348385172  0.142824   512.65
392  99198999962644.250  0.770676311  0.554056516  0.134298   561.17
393  86170000010798.906  0.114625022  0.978229120  0.129966   454.60
394  73921999924269.797  1.022803084  0.427745293  0.148464   537.10
395  86170000010798.906  0.512709666  0.374802476  0.129940   602.15
396  92063999955433.875  0.604639649  0.382410366  0.104485   603.59
397  92788999936794.078  0.395968083  0.716743892  0.129498   376.22
398  84497000012261.766  0.357809950  0.538720308  0.102419   408.17
399  92285000094470.688  0.192422550  0.031338085  0.147121   550.24
400  91619999907162.844  0.831562122  0.793304505  0.138376   502.02
401  89817000001917.156  0.823369547  0.321720032  0.087735   555.36
402  92531000064909.234  0.509486043  1.003644605  0.124852   597.67
403  80083000011098.203  0.182409596  0.114258678  0.143224   482.67
404  94725000011553.078  0.895446409  0.362326862  0.125311   439.31
405  82681999950818.812  0.938985392  0.855850124  0.091580   506.52
406  88574000030500.906  0.477895584  0.359073568  0.127390   448.74
407  85766999925172.703  0.391660611  0.327418532  0.134723   429.48
408  86547999919185.484  0.058604840  0.402113388  0.127308   475.52
409  84729000049089.391  0.865402311  0.785008955  0.129751   571.06
410  85676999966827.109  0.028401219  0.720934427  0.088109   534.03
411  92481999966652.578  0.366817594  0.439665892  0.128493   468.35
412  71764999968893.547  0.503335503  0.114122542  0.087643   591.55
413  81508000041095.938  0.223555733  0.691365059  0.123017   541.28
414  88401000036885.000  0.131079986  0.626878634  0.125259   440.47
415  81184000085683.312  0.504661953  0.453696594  0.134973   419.87
416  84119999997233.469  0.231743073  0.154019721  0.103357   494.33
417  85320000043732.938  1.011725479  0.116053749  0.130839   563.32
418  85719000017952.219  0.789517140  0.364080918  0.053759   468.89
419  91156999999595.938  0.528529331  0.062003694  0.094662   497.12
420  91437000074350.578  0.772580465  0.178119577  0.117086   572.52
421  88218000078014.828  0.681343379  0.861140217  0.080586   344.81
422  91548000012016.344  0.966570321  0.990975260  0.128575   528.35
423  87873000091867.125  0.502372081  0.989392246  0.084789   542.22
424  91473999905695.766  0.388733694  0.278163595  0.144309   472.58
425  73471000002480.547  0.381014102  0.629407616  0.117874   389.01
426  92108999931369.500  0.976337184  0.422895023  0.086469   521.59
427  84290000031685.078  0.718267564  0.782973901  0.109879   445.39
428  83723000042473.859  0.022351734  0.183612128  0.081232   531.56
429  88704999953293.422  0.761387669  0.270995528  0.104813   538.24
430  86256999919867.406  0.888955529  0.559322175  0.113182   445.14
431  86702000062325.188  0.173063183  0.323669564  0.121949   351.07
432  90424000084779.859  0.969308743  0.371161719  0.052883   481.81
433  73184000012359.578  0.815728495  0.103711478  0.117163   407.60
434  82443000030359.031  0.449965080  0.272119520  0.141328   488.64
435  88077000067859.547  0.121761150  0.309837830  0.113271   583.36
436  87056000087832.938  0.438459869  0.266452436  0.138576   552.14
437  91378999984649.438  0.781924958  0.973537675  0.119264   524.83
438  85904000075330.172  0.612216123  0.539489998  0.143142   605.63
439  85311000057597.812  0.938477501  0.246267703  0.127961   531.79
440  85167000092080.594  0.037157187  0.969413462  0.146030   518.28
441  88545999992354.109  0.485826360  0.767585333  0.121568   565.02
442  84790999953950.906  0.956983227  0.514633019  0.144072   608.27
443  85684000091459.078  0.452272405  0.678508964  0.091335   398.96
444  82136999907993.188  0.099890604  0.540554649  0.077217   570.38
445  88711000023769.312  1.007514000  0.137180261  0.103447   477.23
446  68142999922251.336  0.157026051  0.156056521  0.085131   463.99
447  79776000032388.672  0.859914996  0.048358361  0.133968   498.80
448  85270000003278.766  0.877305456  0.521401406  0.111383   368.55
449  81771000020525.609  0.138119597  0.088156755  0.079242   628.95
450  70345000004390.031  0.970869067  0.188944109  0.108709   434.99
451  76247000055010.172  0.129041093  0.710446744  0.136899   501.08
452  77263999989989.094  0.529002315  0.285877950  0.147086   547.32
453  86517999904117.094  0.616172784  0.655493307  0.098948   401.32
454  87106000013327.891  0.631022046  0.949361375  0.137760   377.99
455  91210999962291.453  0.545684172  0.321175489  0.083001   500.28
456  89994000101801.688  0.202636217  0.305441346  0.099567   549.25
457  84450000018078.875  0.491404432  0.412817492  0.133010   399.34
458  84515999914382.359  0.242242974  0.538662712  0.119940   570.35
459  75781000018854.109  0.224229430  0.005190749  0.133201   380.69
460  93761000079942.969  0.072753526  0.731621078  0.130386   430.08
461  87309999955791.141  0.274908556  0.822681887  0.122151   375.03
462  83438000086336.125  0.969305252  0.260858655  0.148657   400.49
463  89109000010064.891  0.297075983  0.207488232  0.146694   558.16
464  90095000079319.281  0.572138127  0.686607292  0.111565   532.03
465  83614999980717.281  0.764106892  0.489751605  0.065140   451.23
466  83866999965079.812  0.602850686  0.763232482  0.125803   330.86
467  88255999967538.703  0.911351594  0.234813107  0.146827   487.16
468  94835000101254.547  0.537416547  0.255825126  0.139768   426.57
469  81244999997329.609  0.119621725  0.988610339  0.145170   513.12
470  81990999943333.047  0.141755118  1.036859966  0.138830   422.29
471  81990999943333.047  0.195567633  0.433230863  0.142096   477.14
472  81247000025011.891  0.353542620  0.414344655  0.129001   445.65
473  78470000070605.938  0.636097463  0.735314195  0.122031   399.96
474  81051000092543.844  0.112037746  0.856741987  0.117961   501.48
475  90989999993646.234  0.260902289  0.011836264  0.148543   417.99
476  85708999990025.891  0.693012650  0.735956476  0.136659   576.75
477  85621000036037.156  0.991984060  0.419523047  0.142691   294.96
478  80812999950444.359  0.981871623  0.474942487  0.146890   455.57
479  85254000070633.578  0.262146708  0.473947649  0.073859   489.51
480  85045999981239.844  0.136114389  0.503595557  0.102864   458.31
481  86720999965302.797  0.074268647  0.920975340  0.148014   535.65
482  86720999965302.797  0.826587934  0.362937727  0.149455   566.42
483  83163000083117.641  0.827952781  0.326921113  0.075337   383.38
484  75377999972794.969  0.441428674  0.331164008  0.132066   356.67
485  77755999983442.953  0.245237959  0.273213841  0.111483   399.40
486  81297000061446.859  0.654582245  0.515753521  0.053464   562.23
487  86619999921451.797  0.104076427  0.189846444  0.138045   409.79
488  86493000034954.484  0.855694790  0.003518497  0.144274   393.44
489  80347000056492.016  0.419467196  0.260619545  0.076869   400.04
490  63396999973222.555  0.094472578  0.829155313  0.018958   455.39
491  82944000091966.797  0.315672466  0.427342122  0.145369   442.84
492  78343999910159.016  0.091613031  0.113380952  0.061602   339.41
493  82514000046555.547  0.502523925  0.137631603  0.132587   615.20
494  81767999947379.578  0.021882240  0.198072181  0.130959   442.78
495  80949999983337.891  0.039095026  0.394613708  0.127570   455.33
496  81556999948779.422  1.008430298  0.121137893  0.130537   473.52
497  81685999990903.016  0.995242590  0.484058341  0.068477   466.13
498  77700999974859.469  0.472240717  0.360375584  0.124842   543.17
499  80564000039348.656  0.310947860  0.172864041  0.102142   448.77
500  79796000062809.516  0.091957035  0.544930190  0.103716   428.79
501  72749000011170.406  0.187996395  0.552424634  0.128577   428.98
502  80976000006579.391  0.608831930  1.037474322  0.082808   428.92
503  79698999954723.312  0.903598842  0.530105363  0.112641   363.79
504  79540000064108.734  0.834007328  0.088417856  0.065693   450.43
505  80743999954415.109  0.618743654  0.737982804  0.127304   355.73
506  82181000081866.656  0.184259645  0.039157509  0.135752   501.27
507  83443999922059.406  0.417652054  0.393084799  0.142361   394.07
508  67188000070761.133  0.321906782  0.356371799  0.145293   440.83
509  78443999997553.703  0.947914497  0.185840913  0.052292   464.10
510  75707999920925.234  0.202137053  0.680929736  0.125457   374.54
511  78925999972392.875  0.770370879  0.718663754  0.111144   479.27
512  62601000033650.570  0.614891713  0.660207441  0.099481   428.56
513  79595999936586.141  0.738063089  0.197026729  0.074530   332.01
514  80348999994129.938  0.804530463  0.327397588  0.074728   393.62
515  57291000024173.125  0.044580596  0.112900113  0.077515   405.27
516  64302999996360.992  0.277643487  0.818571636  0.122440   441.40
517  76056999989854.281  0.908965729  0.884922073  0.093537   475.61
518  78394000074015.438  0.174681278  0.091540076  0.126215   606.37
519  82313999908267.391  0.185327787  0.014874691  0.115709   671.77
520  77993000036692.953  0.495408218  0.374692520  0.131946   528.01
521  81981000091659.688  0.173630066  0.046325402  0.135343   456.47
522  77880000027258.469  0.713122334  0.553969250  0.147979   438.96
523  73147999963140.734  0.676418060  0.060770096  0.112031   393.75
524  82611999930172.531  0.138971842  0.438203306  0.126790   298.26
525  76602999960876.562  0.708732831  0.471696174  0.018266   351.38
526  82060000069742.500  0.809120679  0.477803081  0.140083   432.36
527  79121000070117.344  0.932100068  0.300690560  0.121142   387.38
528  82165000078412.000  1.017657854  0.096978522  0.141335   269.12
529  73481999961700.672  0.145953333  0.534236557  0.121940   567.38
530  72776000049816.750  0.968949205  0.019369490  0.144832   373.19
531  65662000033570.438  0.576801647  0.393159849  0.075957   456.32
532  76214000061833.031  0.630084804  0.198141994  0.034729   455.03
533  70923999978317.984  0.563481294  0.013504503  0.084919   371.31
534  71878999924328.578  0.986838830  0.386897607  0.052631   496.90
535  77789000081632.594  0.888550613  0.569893634  0.113672   503.34
536  76121999956144.500  0.451314219  0.515594696  0.026625   539.58
537  80223000051495.812  0.318812313  0.753493545  0.121708   535.25
538  80223000051495.812  1.039642021  0.040435963  0.120553   429.51
539  72191000039238.781  0.051018592  0.097865324  0.143942   452.38
540  73271000031197.766  0.235671809  0.897327874  0.082226   437.69
541  65627000022110.039  0.238396268  0.500752416  0.083817   484.41
542  79570999991818.625  0.150476703  0.866482670  0.136824   412.41
543  79536000037557.219  0.765288480  0.433031895  0.142146   454.60
544  79829000000838.266  0.679536963  0.294360250  0.143145   490.76
545  63766000025062.664  0.076733051  0.567408285  0.108207   366.91
546  76608999929090.047  0.520835919  0.969087086  0.145632   320.76
547  79882000048724.719  0.107967289  0.496516502  0.146619   455.35
548  69711000046745.758  0.825364458  0.877322910  0.105510   476.29
549  69711000046745.758  0.208825154  0.029640054  0.106178   513.98
550  76799999994427.469  0.469191627  0.162814086  0.101546   654.07
551  69288000065040.820  0.168017262  0.267569446  0.114542   416.91
552  79204999944374.422  0.928085811  0.770945092  0.140904   552.81
553  68117000067284.945  0.106186879  0.504442042  0.147634   350.55
554  74796999950523.984  0.921919563  0.033297391  0.131818   504.11
555  72088999976031.391  0.189319355  0.953684555  0.146982   430.05
556  71571999957125.344  0.126229542  0.551564186  0.140237   578.54
557  78424000066833.141  0.427446842  0.168587461  0.113158   508.58
558  79393000034253.672  0.999543081  0.264152092  0.092806   590.76
559  75767000057999.875  0.890749728  0.621438443  0.115683   528.98
560  72430999963752.828  0.199354998  0.343674528  0.093670   524.88
561  72176000040943.656  0.546193808  0.631933108  0.108152   488.62
562  78934999944800.234  0.781097672  0.038738979  0.147385   517.00
563  75975000043388.328  0.068357391  0.737661663  0.102893   508.39
564  72388999964030.000  0.662074944  0.343234705  0.142366   362.94
565  72388999964030.000  0.748109204  0.481984890  0.142245   392.86
566  77689999919836.094  0.876849926  0.690806554  0.124998   467.88
567  68637999938652.227  0.850727583  0.321749702  0.139336   501.96
568  72940000003734.750  0.098993155  0.179711317  0.107244   462.18
569  72620000070752.609  0.224604676  0.845119840  0.134819   318.73
570  72258000043793.500  0.964191437  0.336255134  0.099250   603.76
571  72512999986079.500  0.551832967  0.849467455  0.110417   442.75
572  74313999979261.797  0.320671089  0.824877511  0.082640   457.86
573  72845000060804.250  0.979531136  0.039442347  0.121655   396.17
574  68960000029112.391  0.266932401  0.857171338  0.132322   385.93
575  75829000045946.406  0.600737093  0.287790831  0.116330   488.21
576  68011000071455.438  0.192384153  0.430982879  0.140325   308.28
577  73759999992260.047  0.955082564  0.265576280  0.070948   385.44
578  78400999978419.469  0.029360452  0.336632125  0.020401   614.68
579  73920999937324.828  0.079703078  0.169696792  0.096199   543.56
580  70089000048568.773  0.340728413  0.844575297  0.139992   456.39
581  74101000023211.078  0.538313647  0.811429749  0.099618   504.54
582  70167000064010.938  0.948808105  0.395371181  0.100528   608.20
583  72537999975243.266  0.292604449  0.482328720  0.105698   474.70
584  62058999969378.297  0.464402443  0.961569953  0.144484   449.01
585  66962999971102.812  0.948500927  0.288415659  0.067563   461.62
586  75257000021896.219  0.602538272  0.506391575  0.125463   486.32
587  68195999985497.672  0.122103060  0.535084787  0.101035   414.98
588  73853000070725.672  0.798367705  0.173301246  0.122256   536.67
589  54214999986332.984  0.183788406  0.140555030  0.081500   535.06
590  69295999938447.125  0.419163509  0.424671768  0.146563   345.56
591  73838999929137.078  0.956471846  0.427082068  0.085901   543.86
592  68246999933074.164  0.491805858  0.440542047  0.133512   411.33
593  64627999954412.789  0.564011874  1.010885976  0.135572   394.66
594  73435999972026.234  0.338773644  0.667455794  0.139266   564.31
595  72763999968544.734  0.567982498  0.938355328  0.138543   552.26
596  72205999995964.469  0.077955480  0.118348333  0.138985   446.55
597  67113000072634.367  0.037733146  0.445071177  0.098311   304.21
598  66096999962727.320  0.351127084  0.627047931  0.112876   283.72
599  73149999922296.250  0.778933464  0.327819957  0.030327   409.71
600  66064999950460.578  0.319983429  0.536824881  0.070361   427.60
601  70025999928536.586  0.821371145  0.268346118  0.140853   397.84
602  71555999935187.844  0.555381221  0.945282540  0.071336   438.52
603  75908999962960.141  0.715827594  0.412615034  0.142010   488.18
604  69967000014171.711  0.734127371  0.866430310  0.092774   482.10
605  63752999998163.211  0.599204693  0.605332544  0.103978   452.53
606  68450999981045.539  1.021347480  0.259340219  0.124429   583.24
607  69722999934811.539  0.135512250  0.022004588  0.094550   449.43
608  65165999988116.617  0.340707469  0.108115468  0.104188   483.90
609  73161999983282.844  0.858729917  0.891856266  0.107372   455.32
610  73161999983282.844  0.220222154  0.016898557  0.108645   552.88
611  72082999981018.172  0.957887308  0.274856196  0.133884   318.14
612  65323000034473.367  0.100814755  0.911121211  0.141087   303.56
613  70967000063271.641  0.633551028  0.365962383  0.068848   602.99
614  67809000038865.133  0.685622926  0.411134995  0.058598   390.95
615  65183999951960.117  0.488163356  0.171328326  0.099978   397.16
616  65485000022574.594  0.859660178  0.745740792  0.111809   530.39
617  70193999942309.109  0.853657990  0.485835087  0.081784   424.09
618  72375000044080.094  0.355881361  0.046954069  0.142023   412.37
619  73082000004767.656  0.387051196  0.369959187  0.132943   378.56
620  65829999986042.875  0.600531144  0.679983767  0.099276   443.30
621  65852000073606.672  0.186978868  0.240000225  0.088480   492.58
622  64467999964349.812  0.565699608  0.613223178  0.138379   425.36
623  66908999983846.578  0.258481517  0.195607776  0.113383   485.96
624  73889000010599.875  0.095335818  0.141440610  0.141506   415.81
625  64793000028483.375  0.068062605  0.822702831  0.085139   449.91
626  61073000037274.117  0.354195373  1.023324938  0.101437   415.54
627  70079999974177.773  0.012702506  0.377696231  0.147056   476.11
628  61122000064459.062  0.095494119  0.569486972  0.148559   442.40
629  70436000034943.109  0.776172353  0.110481611  0.114332   301.57
630  65566999985375.633  0.713979290  0.001203898  0.084027   425.98
631  67809999941134.352  1.005608100  0.172999130  0.129161   462.72
632  67268000075922.930  0.398395836  0.279371363  0.074408   349.02
633  65924999929342.281  0.254926281  0.809865934  0.122781   383.83
634  73730999966169.594  0.851659588  0.520457183  0.103634   745.18
635  68154000011326.305  0.029588392  0.374413267  0.132260   378.25
636  71174000001303.391  0.862674361  0.989306725  0.090496   492.70
637  66795999993955.094  0.903899038  0.331692843  0.124385   386.83
638  68312999997518.859  0.484828032  0.412592345  0.071185   275.28
639  62533999956249.891  0.888756562  0.591984266  0.115541   397.53
640  65764999931735.305  0.310597048  0.602082741  0.144281   520.02
641  98104999975024.750  0.816625594  0.015882549  0.097278   653.22
642  63223000038250.797  1.024892243  0.063448303  0.073409   436.31
643  67563999960950.555  1.014242244  0.420039664  0.146528   409.62
644  73063000072189.250  0.875144739  0.134316525  0.147727   464.71
645  67564999984261.836  0.418118057  0.740272676  0.142513   379.24
646  67367000046660.891  0.817990442  0.068333654  0.053675   337.01
647  67106999963727.562  0.200199737  1.019827298  0.139705   424.23
648  61516999990434.680  0.681126958  0.742312965  0.131525   452.40
649  47137999992800.922  0.919449922  0.488671247  0.119079   358.15
650  69038999970539.453  0.335429593  0.965324156  0.091807   317.63
651  70465999921140.062  0.109918044  0.643373741  0.124868   388.55
652  70931000054602.562  0.719162918  0.437150872  0.119725   475.31
653  69268999999707.367  0.398149745  0.276170429  0.137351   407.38
654  70039000047817.641  0.853061088  0.063115120  0.131420   402.34
655  61606000068798.625  0.699685044  0.391395321  0.089989   364.20
656  67501000034863.789  0.211652588  0.315255332  0.148042   436.04
657  46589000029634.109  0.802840984  0.847175838  0.081003   265.02
658  64195999943882.906  0.604215534  0.653189473  0.079451   392.91
659  62830000041095.594  0.883592132  0.146586713  0.145656   615.23
660  63721000037348.719  0.978099966  0.376240627  0.052462   410.79
661  70881999989378.422  0.063079864  1.005283469  0.093197   440.92
662  56988999951631.820  0.579978146  0.390897902  0.079458   443.35
663  61759999953401.438  0.609144344  0.489505514  0.117935   479.27
664  71865999988319.906  0.582606612  1.016861983  0.083441   528.44
665  62084999934749.094  0.446776363  0.148014043  0.090717   363.33
666  62380999936192.664  0.215485331  0.534896292  0.122469   527.70
667  71159999932511.406  0.189029630  0.976461102  0.095637   420.99
668  63848000029342.734  0.320021826  0.858194101  0.126768   509.87
669  62442999991980.180  0.537125077  0.958623837  0.108271   391.41
670  68122000004867.055  0.610751792  0.895504005  0.137427   438.36
671  67510000001737.953  0.182112890  0.032274978  0.147807   429.22
672  64723999968149.094  0.276030803  0.451308983  0.125724   420.58
673  63032999930325.289  1.021122332  0.529086091  0.147728   374.18
674  67055999924378.633  0.645733426  0.060325735  0.125073   392.42
675  64820000045344.422  0.110536065  0.359775191  0.126544   393.18
676  64777000033577.727  0.038773711  0.947195421  0.142067   434.80
677  64777000033577.727  0.998216631  0.523991475  0.141582   413.54
678  57393999948535.922  0.748508884  0.744620291  0.074022   334.19
679  67734999978053.508  0.694333864  0.188019084  0.079227   403.35
680  65478000062306.414  0.587846091  0.282406490  0.073225   491.31
681  69693999996138.891  0.374586055  0.198426483  0.120417   379.07
682  64055000069713.578  0.101785508  0.359590186  0.145489   317.41
683  64044000021941.250  1.027550380  0.249084664  0.140728   463.77
684  70409999948402.797  0.031425002  0.385161005  0.125915   450.05
685  64170999983366.680  0.112583860  0.621066688  0.137568   482.09
686  70306000028572.500  1.017734648  0.109860971  0.128436   434.07
687  65470000011758.922  0.187909129  0.153187898  0.147741   466.70
688  64109000055682.656  0.799750006  0.092514493  0.142105   375.95
689  70172000047750.883  0.583442625  0.083098267  0.123620   357.52
690  43325999962256.539  0.751044848  0.936397069  0.087894   524.72
691  63034999975353.391  0.715087574  0.199642977  0.075989   553.80
692  70103000058418.805  0.020188398  0.111142567  0.138216   473.90
693  69972999981651.977  0.190394477  0.831343956  0.147426   400.01
694  52210999957299.289  0.340438688  0.730113114  0.122852   358.04
695  62767000045165.938  0.054231743  0.097531442  0.141943   366.51
696  69583999948526.617  0.181824911  0.140283457  0.126826   589.43
697  67536000029494.508  0.596003760  1.018396128  0.141581   501.39
698  62676999995897.500  0.451609180  0.352739768  0.139831   360.22
699  56658999974592.102  0.746386564  0.421488288  0.083780   340.15
700  68501000077038.516  0.536039483  0.063649191  0.118658   466.31
701  64287999989911.141  0.750311809  0.102257445  0.115970   252.45
702  63844000011183.859  0.087631411  0.121903394  0.131213   517.29
703  63763999983924.125  0.098203917  0.498603915  0.147205   536.02
704  57154999988557.766  0.958676197  0.149550806  0.047371   397.57
705  55307000024110.055  0.979580005  0.734823758  0.093850   296.23
706  62803000029882.461  0.622372194  0.208661093  0.095946   364.12
707  55988000008964.484  1.024307558  0.172934727  0.108748   418.15
708  56129999971608.672  0.033033672  0.636102699  0.102893   471.50
709  64232999970973.836  0.958372510  0.266599043  0.107689   401.02
710  37048999973657.539  0.237642286  0.129024861  0.105118   398.54
711  65892000036868.289  0.209662912  0.252514236  0.134891   343.59
712  63314999969371.547  0.171322043  0.108855662  0.126593   387.98
713  59577999986024.680  0.063230835  0.898689230  0.014916   469.32
714  62157999981518.820  0.048915296  0.479733416  0.100320   295.62
715  65810000030307.156  0.393758497  0.301338077  0.136397   460.75
716  40684000033701.641  0.088381553  0.708060879  0.124611   445.61
717  64203999989332.617  0.689748884  0.631842350  0.118742   499.32
718  59831000056570.438  0.090820477  0.303613986  0.127963   383.30
719  65655999937232.258  1.011032584  0.676039323  0.141278   346.11
720  64367999966328.195  0.098636759  0.751598117  0.103804   428.01
721  64724999984066.844  0.345784631  0.307661405  0.103326   476.95
722  64949000035822.141  0.063584265  0.443297922  0.006659   472.47
723  62625000017981.445  0.677795124  0.323278611  0.089303   411.17
724  63190999978871.328  0.135482405  0.361098150  0.130480   372.63
725  58844999974903.836  0.543694497  0.247552265  0.145359   384.11
726  65693999976989.680  0.932520693  0.315728316  0.143856   286.22
727  62287999946347.219  0.473588111  0.365581901  0.122705   356.13
728  62244999960463.250  1.014411541  0.224859494  0.099798   483.60
729  63480999931754.883  0.365412604  0.554005902  0.097917   479.90
730  63029000030645.828  0.920397636  0.627390016  0.115286   322.63
731  63223000038250.797  0.179025403  0.103693851  0.147449   472.95
732  54398000038106.180  0.048142988  0.097626737  0.142691   478.85
733  58367000050779.727  0.071771255  0.730085189  0.136544   363.19
734  61399999980041.805  0.498644058  0.379928508  0.131407   356.01
735  62760000012297.844  0.478633858  0.137516237  0.101433   344.41
736  58688000046768.688  0.753926386  0.011842583  0.083183   528.34
737  59645000011037.969  0.449355960  0.964592863  0.146079   330.20
738  65217999934775.508  0.719981478  0.567718954  0.149030   401.03
739  64742999931361.242  0.605353488  0.282652582  0.119380   587.04
740  60500000048413.234  0.553374093  0.631842350  0.068372   451.16
741  56097999985670.172  0.811333756  0.451017513  0.081422   371.05
742  63020999976960.391  0.925265359  0.850244126  0.148615   436.60
743  60866000046607.750  0.278271805  0.167522636  0.113519   478.17
744  61877000068931.578  0.276350198  0.972384013  0.137694   426.20
745  62437000039903.375  0.963674820  0.400279047  0.119465   476.17
746  63460999955493.672  0.794426752  0.040692002  0.116744   461.15
747  58274999974154.500  0.558716545  0.443493399  0.074418   364.30
748  60809000066194.484  0.759350870  0.018688287  0.084566   359.24
749  64546000053570.133  0.238450373  0.526246440  0.123787   337.43
750  60788999979101.773  0.134408155  0.345383206  0.126513   395.41
751  60806999943429.336  0.522869228  0.744264244  0.107944   332.38
752  56583999990307.781  0.796697425  0.991840943  0.142120   417.57
753  63822999948766.750  0.290316322  0.140453277  0.077040   286.36
754  64558000070551.938  0.800270114  0.466563161  0.085578   402.54
755  60803999952636.414  0.932225732  0.406546524  0.083229   385.10
756  53968000019245.617  0.121743173  0.259928395  0.099870   314.56
757  36438000041430.062  0.749557827  0.803661289  0.110806   337.72
758  63482000037537.828  0.188825426  0.117234464  0.078712   381.89
759  63572000041022.328  0.819222644  0.296798475  0.054814   487.40
760  63179000059454.766  0.441863261  0.286429474  0.132313   527.98
761  61047000069671.805  0.742333909  0.550441939  0.100310   505.29
762  62283999995597.234  0.007555932  0.614898694  0.111182   465.40
763  58532000010115.469  0.280905507  0.972624868  0.138643   328.73
764  61794000067008.773  0.457031918  0.833415662  0.119400   556.36
765  54391000054602.836  0.397650581  0.537180928  0.095057   431.25
766  61732000069003.750  0.094673465  0.965130424  0.124938   502.28
767  62112000041722.812  0.326949038  0.171463764  0.127602   471.33
768  61287999953201.766  0.706769335  0.558599608  0.135901   670.70
769  59696000041682.703  0.037530513  0.411887231  0.071204   529.85
770  61075999940076.805  0.938107492  0.840585474  0.121863   458.76
771  60018999972480.102  0.078090569  0.067771658  0.133622   361.40
772  42833999966245.367  0.821639925  0.349221185  0.072514   300.11
773  62750999981862.523  0.985772434  1.023272578  0.104234   414.12
774  62310999985790.156  0.825891547  0.255641866  0.107641   317.74
775  53904999953337.719  0.095470732  0.508309691  0.100000   363.46
776  57202000046191.328  0.178786293  0.055659772  0.146791   405.05
777  58855999995332.266  0.612130602  0.645146995  0.062909   461.22
778  54627000046599.961  0.274662464  0.169905534  0.113896   531.27
779  59160999962076.117  0.722410976  0.738885139  0.079542   473.31
780  63126000002208.211  0.507812273  0.281799116  0.121468   483.33
781  60003999946938.242  0.034158188  0.634041465  0.104561   370.32
782  62922999935987.727  0.811438476  0.115843088  0.093298   437.12
783  63658000017098.773  0.577360153  1.013191556  0.107164   393.92
784  59848999958728.492  0.244478740  0.026345047  0.146390   320.72
785  58223999967534.648  0.227700890  0.512793442  0.082508   392.63
786  59014999937465.367  0.621433207  0.842864874  0.083583   511.88
787  59014999937465.367  0.058625086  0.034319282  0.085756   529.43
788  57381999982496.680  0.319269589  0.387995419  0.088187   403.02
789  60737000016707.492  0.862515536  0.929316268  0.119355   335.48
790  56804000032358.000  0.695658569  0.565392430  0.112901   348.86
791  58775000027475.984  0.454614637  0.846519594  0.078111   363.83
792  59336999974993.258  0.501235872  0.969404736  0.088851   472.90
793  58302999986700.625  0.450827272  0.371950608  0.143330   475.30
794  53639999977822.211  0.615656167  0.172368368  0.097822   356.54
795  58157000058474.195  0.024380155  0.773149443  0.139850   448.42
796  61601999942451.453  0.695508471  0.124172322  0.084885   250.02
797  56043999948403.109  0.402492124  0.062802008  0.143326   380.97
798  62314000005630.242  0.833572741  0.605905012  0.139941   394.13
799  57373999989878.188  0.864665782  0.393428629  0.082545   336.52
800  60167000058330.547  0.096254559  0.542371537  0.135258   453.47
801  51906999968650.891  0.222297351  0.275858015  0.133423   464.05
802  41433000001325.180  0.338492646  0.414899670  0.086077   479.46
803  51094000040060.266  0.116384489  1.024927150  0.132833   408.05
804  51294999982047.352  0.851790488  0.319198031  0.138096   367.34
805  52346000020194.133  1.010957535  0.331671899  0.064264   399.75
806  55188000048077.219  0.217818836  0.066130525  0.139607   409.41
807  47552000027979.391  0.011454282  0.052730236  0.126165   411.60
808  58935000017982.352  0.242721194  0.506379357  0.084380   402.96
809  59028000053421.391  0.223962395  0.185113111  0.123838   421.21
810  50978000004533.859  1.027977985  0.422750161  0.137834   488.15
811  49081999988015.383  0.341169981  0.645839891  0.116613   336.57
812  43958999966723.250  0.349835541  0.869725492  0.081860   340.46
813  37292000038743.172  0.928476765  0.765063332  0.139889   402.28
814  49585000049159.781  0.676995764  0.169368147  0.147355   454.61
815  21961000002855.422  0.227676456  0.473563677  0.086836   327.54
816  57164000058983.328  0.359312678  0.001736343  0.129790   315.27
817  58113999992405.258  1.013872234  0.333645866  0.102071   389.78
818  49129999984748.195  0.649103657  0.597564084  0.061885   360.04
819  52262999943121.375  0.345133624  0.387461349  0.144545   330.37
820  41695999996880.672  0.360831115  0.381429491  0.144680   331.09
821  30277000011048.656  0.201412741  0.544848159  0.073596   396.64
822  53730999950708.930  1.037818152  0.149767227  0.084108   338.77
823  56481999938711.570  0.959386546  0.273892774  0.112893   423.66
824  59892000011894.703  0.962154638  0.189649222  0.075503   436.77
825  56371999966704.625  0.132615353  0.666291659  0.145204   381.52
826  54673999945031.578  0.281437833  0.655032540  0.125441   399.17
827  58535999996585.133  0.698965968  0.019586259  0.128019   376.26
828  56102000019452.930  0.956370617  0.192830957  0.080457   365.94
829  59217000032401.852  0.603327161  0.757893520  0.103599   417.50
830  49414000012019.039  0.230692385  0.807935600  0.105676   396.95
831  43098000018166.055  0.538484689  0.455040497  0.073274   423.66
832  37303999961653.203  0.818327290  0.225503521  0.053450   403.74
833  58551999979759.781  0.275451353  0.004331052  0.127484   381.31
834  56698999959438.242  0.431450627  0.352308672  0.146563   366.31
835  48755999958008.805  0.039190147  0.239441720  0.081670   503.22
836  59923000018927.078  0.156828480  0.197134939  0.096835   383.53
837  48832999944577.812  0.835435008  0.333010567  0.079827   270.52
838  53291000023612.688  0.301311897  0.029539872  0.128736   524.41
839  41234000038882.055  0.203077785  0.031913345  0.136913   421.97
840  49760999956682.141  0.680830252  0.657435859  0.101481   331.28
841  45622999949478.266  0.551359983  0.060708136  0.122074   379.48
842  38523999983309.383  0.535964433  1.031189391  0.134523   362.18
843  57651000018475.766  0.159885599  1.041132532  0.137561   305.27
844  50320999999430.859  0.188408293  0.327175931  0.122072   389.12
845  56768000024101.734  0.829404895  0.443919259  0.085167   459.36
846  51021999950659.188  0.213062814  0.261926797  0.096325   482.77
847  34858000034860.355  0.862323550  0.254474241  0.053814   315.11
848  54671000032003.242  0.454262080  0.835850396  0.132661   356.60
849  60213000047733.297  0.473696322  0.375730991  0.104261   424.78
850  59816999988312.867  0.225594278  0.560048232  0.125427   463.46
851  53130999997745.211  0.888028759  0.996766262  0.120460   301.26
852  57258999998107.188  0.996096056  0.411367123  0.142330   334.69
853  46973999951504.938  0.134525266  0.971549745  0.122136   378.45
854  56512000057064.992  0.537985525  0.831242727  0.144019   430.72
855  50455000056958.383  0.519507724  0.621195842  0.109842   333.16
856  46224000053204.391  0.530826184  0.387246673  0.146274   354.66
857  49631000028161.672  0.411080889  0.947977329  0.076730   421.96
858  51980999986228.320  0.559479254  0.680022164  0.137579   368.49
859  46646000005892.781  0.182064021  0.383979417  0.125176   544.79
860  35478999963750.328  0.184362620  0.106355303  0.148169   461.71
861  34564999982613.688  0.740939391  0.230147842  0.127370   364.66
862  32255999968106.633  0.915563074  0.508541820  0.049123   247.02
863  56539000013593.438  0.713811739  0.351792055  0.135467   589.11
864  54950000030428.680  0.142131062  0.734719038  0.090761   269.14
865  56013999992618.031  0.735115228  0.703449719  0.142647   418.31
866  54780000010350.359  0.767445707  0.204596222  0.107790   299.02
867  50014999983733.695  0.189092462  0.374678557  0.095078   375.22
868  52733750005003.344  0.410438608  0.062706364  0.025556   503.69
869  55813000016546.477  0.226934691  0.535170309  0.121271   415.93
870  53022999983466.945  0.228948801  0.529180339  0.121618   387.53
871  50676999952052.281  0.270356737  0.706031061  0.133291   300.61
872  55861999938604.258  0.216586634  0.324809264  0.104665   383.92
873  46032999993115.875  0.507288674  0.767241503  0.140785   245.36
874  46108999951610.914  0.645150486  0.221531151  0.127129   414.66
875  51230999983425.211  0.409525801  0.796100522  0.127177   350.72
876  47596000016178.641  0.115804341  1.009660755  0.094899   421.99
877  48000999990821.219  0.858209809  0.502813650  0.146819   376.59
878  33556000021284.773  0.123011504  0.197723115  0.148263   288.54
879  59121999985958.500  0.287192183  0.121744918  0.140890   477.48
880  46042000051779.516  0.421573809  0.312564034  0.088964   415.37
881  41339999972274.375  0.604187608  0.816630830  0.091551   302.84
882  41339999972274.375  0.091569572  0.102991356  0.090423   302.13
883  52434999958906.141  0.721625578  0.617881462  0.106969   351.00
884  50480999947828.164  0.517816500  0.532744301  0.136387   368.43
885  48042000012078.188  0.959897927  0.199608071  0.109658   420.75
886  47741999951111.500  0.447846250  0.401952817  0.142013   335.48
887  46889000037251.227  0.305092280  0.157803944  0.106689   428.55
888  46466999947942.172  0.142476114  0.703898269  0.137725   416.75
889  46018000025445.133  0.525207969  0.293702261  0.148229   406.53
890  45113000051784.461  0.881328440  0.074713706  0.053038   502.04
891  44594000049778.492  0.056950443  0.104576987  0.133528   416.30
892  33646000031752.938  0.903542991  0.215504529  0.148405   408.48
893  41897999959031.500  0.147916829  0.711404930  0.117278   266.54
894  37858999964057.266  0.045645596  0.102719084  0.142127   347.11
895  38750999973477.148  0.139855153  0.408340722  0.092422   264.82
896  35838999981064.195  0.292719641  0.841927633  0.101099   338.55
897  30969999974557.184  0.615364697  1.024983000  0.066257   319.69
898  31866999973438.652  0.194621665  0.770578573  0.074229   301.26
899  57510999977983.922  0.993123760  0.086308277  0.144839   584.40
900  52537999978288.555  0.843819569  0.290811996  0.092434   502.61
901  58857000012904.641  0.035439434  0.783876236  0.085178   413.68
902  56293000005639.680  0.080713275  0.137802122  0.137146   356.94
903  56572999937562.320  0.922485049  0.765471739  0.139150   396.19
904  57622999998836.328  0.050995554  0.249130043  0.140108   338.80
905  55609999990153.211  0.553595749  0.236966843  0.142558   359.49
906  56449000031650.727  0.888672786  0.621295326  0.115553   477.48
907  55123999994099.617  0.083483636  0.314412338  0.087708   453.03
908  48767999963674.750  0.571874583  0.688576023  0.117573   382.59
909  51931000049088.242  0.189373460  0.141524386  0.143025   516.68
910  54982999966056.992  0.474687669  0.220679431  0.134111   423.32
911  40019999972337.477  0.755340103  0.497787101  0.051889   369.17
912  49126999974678.133  0.785415617  0.188661365  0.143527   490.01
913  46695999967517.445  0.785853694  0.754064267  0.114812   426.16
914  48853999991974.555  0.515067606  0.707762428  0.146657   371.40
915  36693000009168.539  0.692989961  0.488128449  0.079812   261.98
916  40781999971274.211  0.676269707  0.743470119  0.080507   429.73
917  35403999993777.180  0.265084097  0.144602274  0.130038   321.51
918  35765999982448.523  0.842278444  0.444311958  0.085898   264.03
919  36517000041334.258  0.334478389  0.728325897  0.103455   412.66
920  35791000021361.594  0.969008546  0.893854668  0.096029   258.98
921  57901999999352.461  0.152851922  0.476912963  0.128464   356.93
922  60004999988589.406  0.365325338  0.398652400  0.129129   319.81
923  57517999937797.367  0.008143846  0.028786937  0.149192   452.01
924  51779000033840.508  0.216206152  0.958185759  0.079965   451.71
925  50479000017099.555  0.732811393  0.245417727  0.127146   403.21
926  50393000048931.828  0.541881100  0.049186345  0.095156   306.43
927  51517000032183.852  0.335548275  0.234472768  0.141847   338.55
928  49733999997730.555  0.614416983  0.976775261  0.083829   378.94
929  49482000006064.234  0.826235377  0.243654945  0.081120   401.64
930  48674000025890.156  0.093762404  0.078023199  0.113008   374.66
931  45459999959286.266  0.790319992  0.556725125  0.083036   366.29
932  46340999971556.930  0.760602271  0.285008776  0.076621   447.23
933  48512000042900.570  0.731675184  0.911761747  0.089209   347.62
934  48322999952873.117  0.722664049  0.634762286  0.142885   341.82
935  47308999979217.859  0.554981541  0.904443581  0.085589   411.29
936  30133000028681.191  0.450521840  0.488856252  0.134728   259.23
937  47168999984586.133  0.253175716  0.535224414  0.109655   507.33
938  39429999993351.930  0.812597374  0.970437971  0.146009   314.72
939  42905999958060.312  0.904412165  0.263426035  0.134678   436.26
940  45063000016785.156  0.726095366  0.600274580  0.141407   376.41
941  43435000015101.430  0.791733709  0.035597386  0.117755   459.19
942  42612999993635.672  0.880054350  0.886189182  0.083271   285.75
943  46883999970592.250  0.237483461  0.595113642  0.118588   400.33
944  42590999994716.867  0.459012867  0.303926400  0.133105   429.26
945  43883000014831.797  0.503518763  0.460388186  0.135988   421.79
946  41900000003251.742  0.924239105  0.220232626  0.129224   363.33
947  38545999993995.203  0.404015797  0.525213205  0.092152   297.11
948  38743999996566.859  0.133542821  0.979257119  0.118986   271.75
949  35813000023303.758  0.663778385  0.174922134  0.127035   354.65
950  39400999964773.570  0.837236188  1.027033762  0.099664   282.58
951  35543000036205.016  0.964749943  0.464376263  0.135159   357.39
952  35145000028109.543  0.108956367  0.103619150  0.147352   238.82
953  35718000005313.234  0.533719940  0.628215556  0.050130   227.79
954  32450999968071.234  0.882553662  0.644694955  0.119858   443.14
955  32510999993456.484  0.807790738  0.922448398  0.111036   286.25
956  60907000046258.180  1.040973707  0.154786794  0.104483   504.35
957  52274999941054.836  1.023897406  0.843334368  0.096650   338.85
958  59355999978393.375  0.348484656  0.192645952  0.146949   381.63
959  52452000055885.430  0.549354599  0.956498026  0.064026   393.71
960  53642000023296.258  0.531089729  0.707587895  0.080742   383.12
961  51019999967837.891  0.610683724  0.693127842  0.107234   395.24
962  51081000029477.367  0.665268896  0.133467946  0.143470   364.49
963  49397000004099.172  0.331603831  0.232048505  0.093844   329.86
964  54139999945835.867  0.022269529  0.099488654  0.073691   442.48
965  49448000047391.359  0.399741485  0.783460848  0.127779   317.72
966  50978000004533.859  0.979876711  0.916439229  0.138428   355.17
967  46087000004376.430  0.974536004  0.240310894  0.070725   286.96
968  47974000022468.055  0.861983211  0.328486673  0.075264   369.58
969  47614000042652.430  0.256554673  0.873095722  0.134226   397.74
970  47442999966771.320  0.924790629  0.700882340  0.047254   567.86
971  42836000010376.344  0.109258658  0.198370632  0.102029   330.02
972  43020999989068.273  0.462041013  0.686741682  0.092777   223.56
973  40246000013057.289  0.749215743  0.507728497  0.081236   331.91
974  40936000003387.516  0.136914099  0.425139517  0.092087   449.39
975  41960000046229.109  0.170412552  0.973464372  0.133207   385.28
976  35292000036186.836  0.393620616  0.534597841  0.106483   344.15
977  36342999992371.391  0.454473265  0.343538393  0.144826   397.37
978  34979999988509.719  0.610310223  0.443111172  0.116840   301.51
979  34010999972093.945  0.579283505  0.491301458  0.062518   320.72
980  36003999997588.445  0.227163329  0.311925244  0.148382   411.09
981  35930999977246.539  0.424930077  0.790217017  0.077199   320.10
982  36505000018760.695  0.545237368  0.431543130  0.108137   256.69
983  33651999981126.406  0.962247141  0.202559422  0.130825   251.79
984  33581000020199.695  0.015442464  0.400580989  0.138669   365.81
985  25259999987244.121  0.507496368  0.283992995  0.059163   308.75
986  34322999974558.645  0.479984743  0.246431764  0.137920   420.57
987  34253000035088.312  0.458789464  0.174602738  0.106324   444.33
988  31028999971157.289  0.528538057  0.402685856  0.070515   345.48
989  34500999989141.039  0.837878469  0.278584219  0.098472   308.39
990  30547000006437.125  0.054331925  0.597180112  0.114949   352.33
991  59958000028373.406  0.775264782  0.016337748  0.142626   387.12
992  58637999979215.383  0.561257745  0.354141268  0.076705   373.21
993  52126999971267.961  0.313628685  0.721292220  0.103843   396.60
994  54048000013575.609  0.946322756  0.170115497  0.132149   367.16
995  56005000055677.336  0.544954624  0.619539525  0.136699   340.65
996  54257999971910.211  0.054577493  1.004848882  0.115834   591.05
997  48245999944484.875  0.664968700  0.774868592  0.081542   316.99
998  54340999977768.688  0.858178393  0.136388580  0.114925   342.92
999  58201000041506.094  0.481120952  0.373102525  0.134509   391.06
1000  53819000004411.547  1.044363136  0.472387325  0.040158   468.42
