# halo-id  ra  dec  vres  m200  vdisp200  r200  Ngal  M200err(stat)  M200err(syst)  N200
   1  0.866  0.429  24326  8.1e+14   916  1.8   383  0.08  0.01   285
   2  0.204  0.038  43486  5.6e+14   817  1.6   805  0.05  0.01   228
   3  0.310  0.970  41537  6.6e+14   863  1.7   343  0.08  0.01   179
   4  0.776  0.462  25398  9.1e+14   954  1.9   410  0.06  0.00   276
   5  0.163  0.065  44131  1.9e+14   572  1.1   298  0.21  0.01    91
   6  0.293  0.209  29561  2.8e+14   641  1.3   341  0.17  0.01   110
   7  0.720  0.692  32812  5.3e+14   797  1.6   302  0.13  0.01   128
   8  0.001  0.639  40093  2.3e+14   607  1.2   242  0.18  0.01    94
   9  0.750  0.101  39347  2.8e+14   643  1.3   396  0.19  0.01    99
  10  0.530  0.783  44026  1.9e+14   565  1.1   255  0.17  0.01    80
  11  0.706  0.474  16118  3.5e+14   692  1.4   192  0.10  0.01   119
  12  0.190  0.894  25115  4.2e+14   738  1.5   171  0.11  0.01   104
  13  0.624  0.392  34247  3.2e+14   673  1.3   287  0.18  0.01   111
  14  0.634  0.011  14255  3.0e+14   650  1.3   192  0.12  0.01   120
  15  0.773  0.464  25197  7.9e+14   909  1.8   357  0.08  0.01   229
  16  0.652  0.082  33537  3.6e+14   699  1.4   276  0.16  0.01    92
  17  0.094  0.700  24672  4.6e+14   757  1.5   154  0.12  0.01    97
  18  0.760  0.722  40393  3.1e+14   670  1.3   211  0.14  0.01    73
  19  0.786  0.053  35059  2.1e+14   584  1.2   350  0.19  0.01    97
  20  0.443  0.300  40108  3.0e+14   661  1.3   481  0.17  0.01    94
  21  0.174  0.141  24456  3.9e+14   715  1.4   352  0.12  0.01   103
  22  0.146  0.092  44093  1.4e+14   517  1.0   262  0.12  0.01    72
  23  0.608  0.874  26539  1.0e+15   993  2.0   282  0.08  0.00   167
  24  0.060  0.054  27478  4.6e+14   757  1.5   248  0.17  0.01   106
  25  0.818  0.181  25976  2.3e+14   602  1.2   163  0.25  0.01    78
  26  0.970  0.908  11564  3.3e+14   676  1.4    84  0.11  0.01    80
  27  0.299  1.030  23185  3.4e+14   687  1.4   139  0.13  0.01    87
  28  0.664  0.621  41799  3.7e+14   713  1.4   194  0.20  0.01    94
  29  0.278  0.125  38941  3.7e+14   711  1.4   253  0.17  0.01    90
  30  1.001  0.923  29355  1.9e+14   570  1.1   186  0.16  0.01    91
  31  0.860  0.402  24530  3.2e+14   671  1.3   201  0.16  0.01    96
  32  0.717  0.453  24958  3.3e+14   679  1.4   225  0.09  0.01    88
  33  0.738  0.576  32601  3.4e+14   690  1.4   265  0.20  0.01    99
  34  0.206  0.044  43467  2.7e+14   643  1.3   807  0.06  0.01    89
  35  0.219  0.623  38271  3.4e+14   688  1.3   216  0.26  0.01    60
  36  0.237  0.826  36668  2.4e+14   616  1.2   251  0.20  0.01    97
  37  0.576  0.670  29503  2.7e+14   636  1.3   221  0.21  0.01   106
  38  0.900  0.306  38094  2.3e+14   607  1.2   376  0.21  0.01    80
  39  0.044  0.668   5062  4.3e+14   737  1.5   100  0.10  0.01   100
  40  0.901  0.051  42566  3.7e+14   708  1.4   408  0.18  0.01    93
  41  0.458  0.813  38362  1.3e+14   494  1.0   229  0.24  0.01    48
  42  0.743  0.436  24957  3.1e+14   665  1.3   219  0.08  0.01    79
  43  1.001  0.175  32201  1.8e+14   560  1.1   296  0.14  0.01    59
  44  0.414  0.583  39402  2.5e+14   620  1.2   200  0.22  0.01    79
  45  0.172  0.100  39436     -1      -1   -1   286    -1    -1    -1
  46  0.599  0.443  35047  2.5e+14   622  1.2   319  0.24  0.01    85
  47  0.820  0.732  33348  1.9e+14   564  1.1   215  0.32  0.01    56
  48  0.327  0.134  30869  2.9e+14   652  1.3   251  0.12  0.01    68
  49  0.778  1.007  19991  2.4e+14   609  1.2   110  0.17  0.01    75
  50  0.122  0.341  25605  1.4e+14   505  1.0   130  0.21  0.01    34
  51  0.857  0.362  15443  2.9e+14   648  1.3   128  0.07  0.01    84
  52  0.454  0.405  43272  1.9e+14   567  1.1   498  0.16  0.01    77
  53  0.409  0.490  40974  3.5e+14   695  1.4   375  0.13  0.01    81
  54  0.099  0.726  40815  3.8e+14   720  1.4   331  0.21  0.01   101
  55  0.990  0.876  41135  4.6e+14   765  1.5   233  0.11  0.01    75
  56  0.605  0.082  22117  2.3e+14   597  1.2   135  0.29  0.01    74
  57  0.670  0.581  42666  2.9e+14   654  1.3   258  0.13  0.01    68
  58  0.070  0.627  43879  3.1e+14   670  1.3   162  0.16  0.01    72
  59  0.039  0.407  39309  2.4e+14   614  1.2   319  0.12  0.01    80
  60  0.988  0.148  39517  3.4e+14   692  1.4   288  0.17  0.01    89
  61  0.295  0.379  37944  2.5e+14   619  1.2   315  0.21  0.01    71
  62  0.740  0.254  22962  2.5e+14   618  1.2   212  0.34  0.01    96
  63  0.541  0.266  43635  2.3e+14   605  1.2   362  0.08  0.01    65
  64  0.605  0.465  35202  2.1e+14   589  1.2   291  0.26  0.01    76
  65  0.124  0.154  34877  1.2e+14   489  1.0   174  0.38  0.01    41
  66  0.532  0.957  41603  2.0e+14   579  1.1   173  0.17  0.01    49
  67  0.210  0.537  21830  2.4e+14   612  1.2   154  0.17  0.01    67
  68  0.932  0.738  38615  1.0e+14   460  0.9   148  0.28  0.01    54
  69  0.012  0.023  40789  2.2e+14   593  1.2   324  0.14  0.01    77
  70  0.157  0.552  18705  2.8e+14   642  1.3   125  0.13  0.01    72
  71  0.492  0.130  30729  3.0e+14   660  1.3   274  0.24  0.01    64
  72  0.739  0.707  43229  1.8e+14   555  1.1   303  0.12  0.01    63
  73  0.174  0.093  39434  4.2e+14   740  1.4   331  0.12  0.01    74
  74  0.610  0.956  39131  2.2e+14   598  1.2   117  0.18  0.01    73
  75  0.681  0.383  33591  3.1e+14   666  1.3   162  0.16  0.01    71
  76  0.933  0.615  34892  1.9e+14   563  1.1   266  0.17  0.01    65
  77  0.975  0.471  14612  3.2e+14   671  1.4   104  0.16  0.01    64
  78  0.911  0.845  27325  1.8e+14   557  1.1   103  0.32  0.01    52
  79  0.153  0.727  27488  1.4e+14   511  1.0   221  0.39  0.01    83
  80  0.569  0.450  22358     -1      -1   -1   122    -1    -1    -1
  81  0.578  0.987  27354  2.4e+14   608  1.2   130  0.21  0.01    78
  82  0.224  0.167  30124  1.4e+14   508  1.0   171  0.20  0.01    45
  83  0.298  0.589  39138  2.1e+14   591  1.2   255  0.53  0.01    72
  84  0.697  0.764  32096  2.6e+14   628  1.2   190  0.21  0.01    63
  85  0.279  0.568  35029  2.4e+14   610  1.2   258  0.17  0.01    52
  86  0.002  0.001  29572  1.4e+14   515  1.0    87  0.28  0.01    60
  87  0.285  0.382  38044  2.0e+14   581  1.1   295  0.21  0.01    58
  88  0.261  0.493  43591  1.4e+14   514  1.0   271  0.11  0.01    51
  89  0.097  0.229  31067  6.5e+13   394  0.8   191  0.34  0.01    28
  90  0.063  0.527  44008  8.1e+13   426  0.8   238  0.20  0.01    56
  91  0.483  0.440  10322  2.3e+14   600  1.2    87  0.27  0.01    68
  92  0.217  0.709  36775  1.9e+14   568  1.1   247  0.18  0.01    53
  93  1.019  0.342  22427  1.6e+14   527  1.1   109  0.22  0.01    57
  94  0.066  0.575  36484  3.0e+14   660  1.3   322  0.13  0.01   101
  95  0.515  0.798  32727  1.9e+14   565  1.1   191  0.32  0.01    51
  96  1.014  0.775   8705  7.7e+13   413  0.8    84  0.41  0.01    51
  97  0.820  0.142  35169     -1      -1   -1   222    -1    -1    -1
  98  0.626  0.966  27286  7.0e+13   403  0.8   110  0.36  0.01    40
  99  0.009  0.590  34284  1.6e+14   539  1.1   161  0.32  0.01    49
 100  0.797  0.144  37944  2.0e+14   578  1.1   167  0.17  0.01    59
 101  0.666  0.886  26867  1.4e+14   508  1.0   126  0.32  0.01    51
 102  0.084  0.027  27832  3.8e+14   714  1.4   163  0.13  0.01    90
 103  0.835  0.294  25901  1.6e+14   529  1.1   122  0.20  0.01    55
 104  0.980  0.889  41324  2.1e+14   584  1.1   269  0.16  0.01    65
 105  0.843  0.306  41758  3.2e+14   675  1.3   329  0.13  0.01    59
 106  0.836  0.336  41405  2.1e+14   586  1.1   248  0.18  0.01    56
 107  0.980  0.203  21408  1.2e+14   484  1.0   110  0.38  0.01    56
 108  0.101  0.338  25754  2.2e+14   593  1.2   151  0.19  0.01    65
 109  0.513  0.949  21323  1.4e+14   513  1.0   140  0.38  0.01    58
 110  0.622  0.590  15811  2.4e+14   608  1.2    71  0.28  0.01    42
 111  0.612  0.875  26697  5.4e+14   799  1.6   224  0.12  0.01    79
 112  0.718  0.523  44111  7.5e+13   417  0.8   226  0.12  0.01    46
 113  0.037  0.015  26934  1.1e+14   464  0.9   129  0.21  0.01    32
 114  0.067  0.475  44100  1.4e+14   513  1.0   237  0.15  0.01    72
 115  1.027  0.426  44302  5.1e+13   366  0.7   266  0.15  0.01    33
 116  0.258  0.102  42427  1.2e+14   482  0.9   300  0.11  0.01    46
 117  0.394  0.674  43697  1.3e+14   494  1.0   208  0.12  0.01    49
 118  0.145  0.750  31175  2.0e+14   577  1.1   258  0.19  0.01    45
 119  0.296  0.167  30441  1.1e+14   474  0.9   177  0.20  0.01    44
 120  0.764  0.054  35082  2.8e+14   642  1.3   205  0.19  0.01    50
 121  0.465  0.779  33399  2.2e+14   590  1.2   125  0.25  0.01    38
 122  0.725  0.744  23627  9.8e+13   451  0.9   186  0.10  0.01    44
 123  0.075  0.266  31217  1.3e+14   497  1.0   141  0.20  0.01    40
 124  0.631  0.275  35997  1.7e+14   544  1.1   246  0.25  0.01    48
 125  0.198  0.361  28165     -1      -1   -1    95    -1    -1    -1
 126  0.763  0.729  33250  1.5e+14   518  1.0   207  0.14  0.01    56
 127  1.027  0.660  38303  2.9e+14   657  1.3   229  0.15  0.01    55
 128  0.229  1.004  41951  2.8e+14   645  1.3   255  0.13  0.01    60
 129  0.430  0.314  40025  1.6e+14   532  1.0   407  0.28  0.01    49
 130  0.891  0.378  37836  1.2e+14   484  1.0   297  0.18  0.01    43
 131  0.881  0.876  25198  2.4e+14   614  1.2   125  0.32  0.01    50
 132  0.544  0.786  39615  1.0e+13   213  0.4   116  0.91  0.02     0
 133  0.491  0.914  26501  2.5e+14   620  1.2   117  0.20  0.01    59
 134  0.006  0.649  40133  2.1e+14   589  1.2   267  0.22  0.01    68
 135  0.758  0.111  39148  2.9e+14   653  1.3   391  0.20  0.01    61
 136  0.153  0.718  35286  2.8e+14   645  1.3   166  0.51  0.01    54
 137  0.905  0.226  36597  9.5e+13   449  0.9   285  0.22  0.01    70
 138  0.196  0.382  28258  1.9e+13   261  0.5    72  0.93  0.01    10
 139  0.094  0.453  29738     -1      -1   -1   144    -1    -1    -1
 140  0.807  0.127  34838  3.5e+14   695  1.4   260  0.11  0.01    69
 141  0.117  0.581  41446  4.1e+13   340  0.7   126  0.72  0.01    10
 142  0.719  0.846  24519  1.4e+14   504  1.0    88  0.41  0.01    40
 143  0.990  1.040  27898  1.4e+14   513  1.0    76  0.27  0.01    44
 144  1.016  0.018  40580  1.5e+14   530  1.0   229  0.20  0.01    54
 145  0.838  0.010  39282  6.5e+13   395  0.8   144  0.27  0.01    22
 146  0.746  0.154  34983  2.4e+14   612  1.2    98  0.24  0.01    44
 147  0.228  0.692  44085  7.3e+13   412  0.8   200  0.30  0.01    30
 148  1.024  0.822  39912  2.1e+14   588  1.2   224  0.30  0.01    60
 149  0.421  0.519  41042  1.2e+14   481  0.9   221  0.07  0.01    46
 150  0.195  0.556  38026  1.5e+14   522  1.0   250  0.28  0.01    40
 151  0.710  1.040  41198  1.3e+14   500  1.0   146  0.32  0.01    56
 152  0.286  0.074  39167  1.9e+14   566  1.1   214  0.31  0.01    44
 153  0.982  1.023  38661  1.3e+14   504  1.0   109  0.37  0.01    40
 154  0.122  0.080  17715  1.3e+14   500  1.0    90  0.34  0.01    45
 155  0.013  0.656  40244     -1      -1   -1   193    -1    -1    -1
 156  0.272  0.462  23590  1.1e+14   462  0.9   112  0.24  0.01    43
 157  0.103  0.458  29697  2.2e+14   591  1.2   188  0.33  0.01    55
 158  0.249  0.293  33477  1.3e+14   502  1.0   208  0.26  0.01    63
 159  1.014  0.809  39776  1.0e+14   464  0.9   221  0.36  0.01    37
 160  0.547  0.235  32632  8.2e+13   427  0.8   130  0.66  0.01    30
 161  0.422  0.265  41934  2.0e+14   582  1.1   334  0.11  0.01    43
 162  0.041  0.388  38079  7.0e+13   405  0.8   317  0.19  0.01    29
 163  1.014  0.127  39194  1.4e+14   509  1.0   534  0.14  0.01    54
 164  0.983  0.759  40825  1.3e+14   494  1.0   130  0.22  0.01    47
 165  0.882  0.564  34004  3.4e+15  1495  2.9   283  0.20  0.01    17
 166  0.610  0.485  16432  1.1e+14   467  0.9   143  0.24  0.01    45
 167  0.347  0.722  31580  1.0e+14   463  0.9   173  0.20  0.01    27
 168  0.884  0.188  24774  1.5e+14   515  1.0   113  0.29  0.01    46
 169  0.625  0.718  36744  1.4e+14   506  1.0   179  0.20  0.01    48
 170  0.552  0.360  34462  1.4e+14   508  1.0   193  0.39  0.01    52
 171  0.646  0.657  30239  1.5e+14   516  1.0   209  0.16  0.01    52
 172  0.306  0.808  37080  1.7e+14   546  1.1   234  0.29  0.01    53
 173  0.727  0.045  37882  1.5e+14   520  1.0   213  0.15  0.01    49
 174  0.625  0.376  34442  1.0e+14   457  0.9   229  0.22  0.01    25
 175  0.757  0.530  41257  2.1e+14   587  1.1   298  0.20  0.01    55
 176  0.381  0.299  41082  1.4e+14   510  1.0   168  0.22  0.01    25
 177  0.718  0.512  44072     -1      -1   -1   188    -1    -1    -1
 178  0.275  0.992  41737  1.6e+14   534  1.0   265  0.11  0.01    45
 179  0.712  0.280  17442  1.3e+14   492  1.0    64  0.46  0.01    39
 180  0.243  0.578  37687  2.3e+14   607  1.2   162  0.17  0.01    49
 181  0.433  0.536  27573  1.7e+14   545  1.1   122  0.19  0.01    50
 182  0.637  0.096  33541     -1      -1   -1   190    -1    -1    -1
 183  0.909  0.009  43318  1.3e+14   500  1.0   179  0.18  0.01    44
 184  0.643  0.250  37255  2.1e+14   590  1.2   257  0.13  0.01    54
 185  0.203  0.780  31580  1.8e+14   552  1.1   151  0.23  0.01    44
 186  0.529  0.054  25313  1.5e+14   522  1.0   210  0.15  0.01    55
 187  0.227  0.380  41266  1.5e+14   524  1.0   224  0.14  0.01    43
 188  0.159  0.964  35532  8.4e+13   430  0.9   119  0.31  0.01    44
 189  0.839  0.515  44060  5.8e+13   382  0.7   237  0.31  0.01    39
 190  0.170  0.917  42698  9.5e+13   450  0.9   170  0.35  0.01    46
 191  0.740  0.250  38469  1.8e+14   553  1.1   269  0.23  0.01    55
 192  0.572  0.882  23652  1.2e+14   483  1.0    98  0.27  0.01    41
 193  0.552  0.478  22368  8.8e+13   435  0.9   126  0.41  0.01    37
 194  0.131  0.987  43515  1.1e+14   476  0.9   224  0.25  0.01    41
 195  0.521  0.549  34760  1.8e+14   556  1.1   152  0.23  0.01    54
 196  0.872  0.390  37843  1.4e+14   517  1.0   265  0.18  0.01    79
 197  0.275  0.312  38476  1.7e+14   548  1.1   161  0.39  0.01    36
 198  0.038  0.620  37257  8.3e+13   430  0.8   128  0.22  0.01    32
 199  0.809  0.041  35172  7.0e+13   405  0.8   288  0.15  0.01    37
 200  0.140  0.766  31012  8.6e+13   434  0.9   226  0.19  0.01    36
 201  0.331  0.421  25591  1.1e+14   468  0.9   219  0.23  0.01    35
 202  0.872  0.390  37849  1.4e+14   517  1.0   266  0.17  0.01    79
 203  0.982  0.475  43676  6.4e+13   395  0.8   406  0.16  0.01    65
 204  0.179  0.484  37551  1.8e+14   556  1.1   125  0.24  0.01    40
 205  0.199  0.824  44493  4.4e+13   349  0.7   227  0.18  0.01    18
 206  0.188  0.143  24368  7.3e+13   409  0.8   328  0.31  0.01    33
 207  0.172  0.115  23784  2.3e+14   599  1.2   149  0.17  0.01    47
 208  0.751  0.244  28433  1.7e+14   543  1.1   101  0.15  0.01    20
 209  0.739  0.071  34896  5.6e+13   377  0.7   146  0.25  0.01    29
 210  0.586  0.524  22000  1.6e+14   526  1.1    91  0.19  0.01    45
 211  0.437  0.389  43103  1.5e+14   521  1.0   410  0.14  0.01    40
 212  0.336  0.406  25809  7.5e+13   413  0.8   213  0.26  0.01    45
 213  0.571  0.463  22475  2.1e+14   584  1.2   142  0.13  0.01    45
 214  0.796  0.997  34653  9.6e+13   450  0.9   101  0.60  0.01    36
 215  1.007  0.058  44087  9.5e+13   450  0.9   126  0.15  0.01    24
 216  0.655  0.466  24268  8.1e+13   423  0.8   131  0.42  0.01    38
 217  0.625  0.260  35927  1.3e+14   493  1.0   279  0.20  0.01    30
 218  0.523  0.365  40455  2.3e+14   608  1.2   149  0.26  0.01    42
 219  1.033  0.155  31541  2.0e+14   571  1.1   207  0.18  0.01    40
 220  0.290  0.208  42802  9.9e+13   457  0.9   172  0.23  0.01    44
 221  1.041  0.670  38318  1.6e+14   537  1.1   154  0.26  0.01    35
 222  0.054  0.735  40387  2.2e+14   592  1.2   301  0.22  0.01    55
 223  0.095  0.991  35737  1.2e+14   482  1.0   117  0.17  0.01    43
 224  0.428  0.275  41736  1.2e+14   486  1.0   383  0.11  0.01    38
 225  0.406  0.324  40219  1.1e+14   473  0.9   354  0.22  0.01    46
 226  0.274  0.552  34944  2.3e+14   601  1.2   248  0.14  0.01    50
 227  0.545  0.239  43029  5.4e+13   373  0.7   417  0.17  0.01    31
 228  0.368  0.520  27552  1.3e+14   493  1.0   127  0.18  0.01    47
 229  0.761  0.522  41228  1.5e+14   520  1.0   233  0.21  0.01    47
 230  0.050  0.068  43561  1.4e+14   518  1.0   244  0.13  0.01    50
 231  0.790  0.527  41358  1.5e+13   244  0.5   157  0.80  0.02    12
 232  0.760  0.999  41585  1.3e+14   497  1.0   153  0.39  0.01    35
 233  0.129  0.256  34934  9.8e+13   454  0.9   203  0.23  0.01    41
 234  0.802  0.114  34946  1.5e+14   519  1.0   339  0.15  0.01    40
 235  0.104  0.112  44112  3.7e+13   327  0.6   268  0.31  0.01    17
 236  0.750  0.213  43293  1.0e+14   465  0.9   149  0.15  0.01    32
 237  0.076  0.577  36420  1.5e+14   518  1.0   364  0.16  0.01    31
 238  0.567  0.017  25266  7.0e+13   403  0.8   171  0.34  0.01    26
 239  0.058  0.106  40127     -1      -1   -1    93    -1    -1    -1
 240  0.469  0.520  36652  4.2e+13   342  0.7   156  0.30  0.01    28
 241  0.871  0.320  22507  1.2e+14   476  1.0   126  0.34  0.01    38
 242  0.515  0.454  22065  6.4e+13   391  0.8    91  0.64  0.01    39
 243  0.208  0.389  41247     -1      -1   -1   245    -1    -1    -1
 244  0.312  0.213  29375  2.9e+13   300  0.6   131  0.77  0.01    13
 245  0.230  0.358  35633  2.4e+13   282  0.6   127  0.79  0.01     9
 246  0.545  1.046  40345  3.6e+13   324  0.6    84  0.33  0.01    25
 247  0.512  0.541  40940  6.0e+13   386  0.8   246  0.35  0.01    37
 248  0.788  0.120  34377  2.3e+14   607  1.2   213  0.17  0.01    36
 249  0.084  0.418  38336  1.3e+14   499  1.0   249  0.43  0.01    50
 250  0.728  0.656  31983  6.9e+13   403  0.8   127  0.23  0.01    32
 251  1.044  1.009  36995  8.7e+13   436  0.9    71  0.31  0.01    30
 252  1.009  0.112  39200  1.6e+14   532  1.0   536  0.15  0.01    40
 253  0.920  0.290  22085  1.4e+14   507  1.0   121  0.37  0.01    37
 254  0.063  0.101  43126  5.6e+13   377  0.7   392  0.17  0.01    37
 255  0.562  0.662  35714  1.7e+14   548  1.1   138  0.39  0.01    51
 256  0.397  0.263  41397  1.1e+14   470  0.9   205  0.20  0.01    32
 257  0.472  0.326  36445  1.1e+14   465  0.9   328  0.22  0.01    44
 258  0.723  0.107   2130  1.0e+14   455  0.9    22  0.27  0.01    22
 259  0.629  0.482  24236  1.1e+14   467  0.9   150  0.31  0.01    29
 260  0.493  0.940  26346  9.8e+13   452  0.9    90  0.29  0.01    23
 261  0.379  0.771  38414  7.5e+13   415  0.8   155  0.25  0.01    30
 262  0.597  0.495  16309  1.3e+14   492  1.0   123  0.35  0.01    42
 263  0.521  0.118  39361  9.2e+13   445  0.9   176  0.39  0.01    38
 264  0.926  0.808  27123  9.2e+13   443  0.9   102  0.36  0.01    38
 265  0.008  0.007  40635  1.1e+14   477  0.9   202  0.53  0.01     0
 266  0.475  0.414  40127  9.3e+13   447  0.9   191  0.56  0.01    15
 267  0.120  0.277  35120  1.2e+14   481  1.0   161  0.57  0.01     7
 268  0.202  0.024  43497  5.3e+13   371  0.7   643  0.43  0.01     5
 269  0.559  0.119  19480  1.4e+14   513  1.0    81  0.54  0.01    34
 270  0.110  0.098  44092  7.4e+13   414  0.8   268  0.38  0.01    39
 271  1.025  0.175  32003  1.6e+14   533  1.1   302  0.14  0.01    55
 272  0.584  0.628  19356  1.6e+14   526  1.1    91  0.32  0.01    40
 273  0.104  0.678  24677  8.6e+13   432  0.9    87  0.37  0.01    35
 274  0.140  0.509   4719  1.2e+14   484  1.0    42  0.22  0.01    38
 275  0.249  0.723  36308  9.3e+13   445  0.9   117  0.38  0.01    29
 276  0.117  0.322  44013  9.8e+13   456  0.9   180  0.37  0.01    28
 277  0.221  0.381  41194  8.3e+13   431  0.8   242  0.16  0.01    46
 278  0.594  1.029  24716     -1      -1   -1    89    -1    -1    -1
 279  0.664  0.025  24091  1.4e+14   514  1.0    89  0.37  0.01    37
 280  0.608  0.612  30839  6.9e+13   401  0.8   187  0.13  0.01    29
 281  0.510  0.514  40401  1.2e+14   487  1.0   161  0.44  0.01    31
 282  0.080  0.649  37347  5.8e+14   826  1.6    64  0.24  0.01    17
 283  0.777  0.729  40237  4.9e+13   361  0.7   167  0.40  0.01    28
 284  0.387  0.051  14945  1.0e+14   457  0.9    68  0.56  0.01    30
 285  0.961  1.043  25001  1.1e+14   462  0.9    68  0.48  0.01    42
 286  0.814  0.216  15708  9.9e+13   451  0.9   100  0.14  0.01    33
 287  0.208  0.691  27099  9.7e+13   450  0.9   136  0.50  0.01    37
 288  0.896  1.000  24721  1.5e+14   517  1.0    60  0.28  0.01    27
 289  0.033  0.104  42694  3.1e+13   308  0.6   219  0.17  0.01    25
 290  0.774  0.604  42066  6.9e+13   404  0.8   269  0.18  0.01    30
 291  0.086  0.204  31029  1.5e+14   519  1.0   124  0.37  0.01    39
 292  0.315  0.852  37758  1.7e+14   551  1.1   183  0.18  0.01    35
 293  0.519  0.823  37170  4.7e+13   356  0.7    96  0.76  0.01     0
 294  0.821  0.284  16189  1.2e+14   476  1.0   123  0.08  0.01    37
 295  0.368  0.044  23720  1.1e+14   465  0.9   169  0.12  0.01    38
 296  0.471  0.324  36362  6.1e+13   386  0.8   332  0.38  0.01    19
 297  0.913  0.249  36018  8.9e+13   439  0.9   199  0.23  0.01    36
 298  0.716  0.634  32257     -1      -1   -1   118    -1    -1    -1
 299  0.743  0.543  41387  2.1e+14   591  1.2   269  0.34  0.01    35
 300  0.073  0.611  34663  1.6e+14   537  1.1   256  0.14  0.01    37
 301  0.153  0.240  34161  1.3e+14   504  1.0   131  0.29  0.01    30
 302  0.354  0.280  30455  1.6e+14   534  1.1   138  0.25  0.01    38
 303  0.430  0.946  23200  8.1e+13   423  0.9    91  0.50  0.01    39
 304  0.077  0.576  43326  1.2e+14   490  1.0   297  0.20  0.01    41
 305  0.067  0.575  36456  2.5e+14   623  1.2   339  0.12  0.01    94
 306  0.747  0.070  44121  4.7e+13   356  0.7   265  0.33  0.01    28
 307  0.500  0.975  42340  1.3e+14   498  1.0   155  0.29  0.01    40
 308  0.277  0.546  34901  8.4e+13   431  0.9   195  0.18  0.01    33
 309  0.072  0.731  40353  3.6e+14   705  1.4   324  0.17  0.01    85
 310  0.949  0.430  41284  3.4e+13   317  0.6   165  0.70  0.01    14
 311  0.005  0.268  34581  1.6e+14   531  1.0   190  0.50  0.01    33
 312  0.198  0.183  34207  1.6e+14   530  1.0   169  0.22  0.01    41
 313  0.202  0.676  44059  4.1e+13   338  0.7   170  0.36  0.01    17
 314  0.764  0.565  38090  8.3e+13   430  0.8   197  0.22  0.01    25
 315  1.031  0.120  39104     -1      -1   -1   208    -1    -1    -1
 316  0.028  0.842  42209  1.7e+14   542  1.1   176  0.41  0.01    40
 317  0.737  0.351  42806  1.1e+14   473  0.9   250  0.14  0.01    39
 318  0.789  0.708  43131  1.1e+14   478  0.9   187  0.21  0.01    34
 319  0.930  0.777  28390  7.1e+13   405  0.8    73  0.25  0.01    26
 320  0.152  0.223  27938  1.7e+15  1185  2.3    87  0.10  0.00    29
 321  0.153  0.419  38276  2.4e+14   615  1.2   202  0.15  0.01    43
 322  0.941  0.736   8853  6.3e+13   386  0.8    45  0.18  0.01    23
 323  0.464  0.963  43837  6.5e+13   398  0.8   186  0.19  0.01    47
 324  0.255  0.522  37700  5.4e+13   371  0.7   198  0.33  0.01    30
 325  1.044  0.342  42406  1.5e+14   527  1.0   114  0.16  0.01    35
 326  0.375  0.040  23698  7.9e+13   419  0.8   175  0.13  0.01    40
 327  0.577  0.444  31217  1.3e+14   493  1.0   209  0.31  0.01    46
 328  0.292  0.727  37480  1.1e+14   474  0.9   103  0.23  0.01    26
 329  0.483  0.760  41455  1.4e+14   517  1.0   140  0.34  0.01    48
 330  0.735  0.361  25368  7.5e+13   413  0.8   173  0.21  0.01    34
 331  0.545  0.247  43054  1.6e+14   532  1.0   569  0.10  0.01    65
 332  0.580  0.758  36673  1.3e+13   228  0.5    58  1.02  0.02     0
 333  0.093  0.249  31124  7.9e+13   421  0.8   145  0.19  0.01    28
 334  0.485  0.423  40120  9.8e+13   455  0.9   232  0.19  0.01    40
 335  0.360  0.546  29027  4.3e+14   744  1.5   260  0.09  0.01    74
 336  0.608  0.037  40525  3.0e+13   305  0.6   131  0.38  0.01    19
 337  0.364  0.554  28893  1.1e+14   469  0.9   211  0.15  0.01    42
 338  0.596  0.708  44031  7.9e+13   423  0.8   135  0.33  0.01    26
 339  0.100  0.973  37291  8.4e+13   432  0.9   214  0.56  0.01    15
 340  0.693  0.553  42324  1.2e+14   482  0.9   241  0.17  0.01    28
 341  0.303  0.124  30874  5.1e+13   362  0.7   169  0.42  0.01    27
 342  0.607  0.449  35132  1.4e+14   510  1.0   395  0.22  0.01    44
 343  0.416  0.977  37777  1.3e+14   494  1.0   190  0.11  0.01    31
 344  0.810  0.752  33320  1.4e+14   516  1.0   190  0.13  0.01    34
 345  0.124  0.154  28405  1.6e+14   529  1.1   197  0.30  0.01    47
 346  0.601  0.797  29760  1.6e+14   533  1.1   153  0.20  0.01    48
 347  0.446  0.295  25905  5.9e+13   381  0.8    75  0.29  0.01    26
 348  0.076  0.003  37467  8.1e+13   426  0.8    89  0.42  0.01    29
 349  0.927  0.868  26831  8.2e+13   425  0.8   151  0.29  0.01    32
 350  0.249  0.692  44297  2.5e+13   289  0.6   199  0.69  0.01    15
 351  0.496  0.779  36024  1.4e+14   513  1.0    95  0.18  0.01    21
 352  0.114  0.557  23207  5.4e+13   369  0.7   145  0.19  0.01    32
 353  0.645  1.017  25706  9.9e+13   454  0.9    53  0.84  0.01    18
 354  0.893  0.226  36543  5.2e+13   367  0.7   276  0.32  0.01    30
 355  0.566  0.991  41271  6.3e+13   393  0.8   123  0.45  0.01    25
 356  0.880  1.005  21540  2.7e+14   631  1.3    42  0.21  0.01    33
 357  0.095  0.996  43063  4.6e+13   352  0.7   256  0.16  0.01    26
 358  0.978  0.472  43656  6.8e+13   402  0.8   365  0.23  0.01    22
 359  0.256  0.476  37450  9.2e+13   444  0.9   102  0.51  0.01    31
 360  0.411  0.421  43976  1.4e+14   516  1.0   175  0.11  0.01    27
 361  1.003  0.297  37414  6.7e+13   400  0.8   137  0.28  0.01    34
 362  0.200  0.695  36438  1.5e+14   529  1.0   198  0.25  0.01    40
 363  0.716  0.030  37998  1.6e+14   530  1.0   303  0.14  0.01    42
 364  0.610  0.866  26726  1.4e+14   509  1.0   248  0.17  0.01    37
 365  0.069  0.065  27553  1.1e+14   471  0.9   252  0.23  0.01    39
 366  0.962  0.767  28169  1.2e+14   477  1.0    67  0.74  0.01    26
 367  0.467  0.326  36466  9.9e+13   455  0.9   371  0.22  0.01    40
 368  0.310  0.721  37138  2.0e+14   578  1.1   116  0.20  0.01    38
 369  0.771  0.610  42099  5.8e+13   382  0.7   343  0.16  0.01    19
 370  0.059  0.233  41606  7.9e+13   423  0.8   138  0.34  0.01    29
 371  0.236  0.616  38247  1.5e+14   521  1.0   219  0.49  0.01    15
 372  0.008  0.265  34500  8.2e+13   427  0.8   199  0.60  0.01    25
 373  0.401  0.377  39988  1.3e+14   494  1.0   189  0.21  0.01    36
 374  0.880  0.384  37860  6.4e+13   392  0.8   387  0.26  0.01    18
 375  0.832  0.288  41730  6.6e+13   398  0.8   216  0.41  0.01    33
 376  0.695  0.374  40783  4.6e+13   354  0.7   225  0.36  0.01    25
 377  0.261  0.571  35171  1.1e+14   473  0.9   175  0.20  0.01    37
 378  0.960  0.592  44004  6.2e+13   391  0.8   246  0.20  0.01    31
 379  0.845  0.450  39052  3.7e+13   327  0.6   146  0.48  0.01    19
 380  0.220  1.005  41963  6.1e+13   388  0.8   244  0.17  0.01    31
 381  0.505  0.942  21290  2.8e+15  1396  2.8   152  0.14  0.01    16
 382  0.096  0.966  37101  1.3e+14   495  1.0   199  0.23  0.01    64
 383  0.702  0.554  42290  7.1e+13   409  0.8   246  0.18  0.01    28
 384  0.250  0.107  42519  2.0e+14   580  1.1   284  0.15  0.01    32
 385  0.867  0.476  24567  4.0e+13   334  0.7   156  0.29  0.01    23
 386  0.616  0.508  43475  1.2e+14   482  0.9   172  0.55  0.01     4
 387  0.505  0.348  34175  8.5e+13   432  0.9    77  0.31  0.01    31
 388  0.918  0.988  27840  2.1e+14   585  1.2    68  0.29  0.01    35
 389  0.554  0.473  43424  3.1e+13   309  0.6   213  0.22  0.01    20
 390  0.024  0.847  42186  9.2e+13   445  0.9   185  0.43  0.01    24
 391  0.742  0.348  42784  6.2e+13   390  0.8   259  0.13  0.01    30
 392  0.771  0.554  38184     -1      -1   -1   175    -1    -1    -1
 393  0.115  0.978  43050  1.8e+14   560  1.1   233  0.46  0.01     0
 394  1.023  0.428  44151  4.6e+13   353  0.7   315  0.55  0.01    14
 395  0.513  0.375  40357  3.1e+14   671  1.3   234  0.18  0.01    21
 396  0.605  0.382  34237     -1      -1   -1   127    -1    -1    -1
 397  0.396  0.717  43022  6.3e+13   392  0.8   115  0.68  0.01    12
 398  0.358  0.539  29141  1.4e+15  1092  2.2   227  0.07  0.00    25
 399  0.192  0.031  43725  6.9e+13   405  0.8   701  0.09  0.01    34
 400  0.832  0.793  41414  3.6e+13   325  0.6   138  0.54  0.01    26
 401  0.823  0.322  22975     -1      -1   -1   142    -1    -1    -1
 402  0.509  1.004  37627  6.1e+13   388  0.8   114  0.39  0.01    40
 403  0.182  0.114  42905  9.8e+13   454  0.9   290  0.17  0.01    43
 404  0.895  0.362  37705  7.2e+13   409  0.8   208  0.24  0.01    26
 405  0.939  0.856  27320  8.7e+13   434  0.9   184  0.32  0.01    27
 406  0.478  0.359  37833  6.8e+13   401  0.8   218  0.19  0.01    27
 407  0.392  0.327  40131  1.8e+14   554  1.1   371  0.15  0.01    39
 408  0.059  0.402  38163  1.3e+14   504  1.0   281  0.21  0.01    26
 409  0.865  0.785  39204  5.0e+13   361  0.7   179  0.36  0.01    18
 410  0.028  0.721  26442  4.9e+13   358  0.7    94  0.54  0.01    30
 411  0.367  0.440  41948  6.3e+13   392  0.8   129  0.20  0.01    16
 412  0.503  0.114  30633  2.0e+13   264  0.5   153  0.79  0.01    10
 413  0.224  0.691  36885  4.9e+13   360  0.7   238  0.26  0.01    25
 414  0.131  0.627  40916     -1      -1   -1   133    -1    -1    -1
 415  0.505  0.454  40552  8.0e+13   425  0.8   183  0.58  0.01    15
 416  0.232  0.154  30628  1.1e+14   472  0.9   213  0.24  0.01    29
 417  1.012  0.116  39208  9.3e+13   447  0.9   510  0.17  0.01    31
 418  0.790  0.364  16078  8.6e+13   431  0.9   101  0.17  0.01    42
 419  0.529  0.062  25249     -1      -1   -1   181    -1    -1    -1
 420  0.773  0.178  35160  1.2e+14   486  1.0   127  0.23  0.01    28
 421  0.681  0.861  24246  4.1e+13   338  0.7    93  0.63  0.01    25
 422  0.967  0.991  38487  2.6e+13   290  0.6   116  0.51  0.01    24
 423  0.502  0.989  25491  3.8e+13   327  0.7    82  0.51  0.01    16
 424  0.389  0.278  43091  1.5e+14   523  1.0   197  0.10  0.01    23
 425  0.381  0.629  35478  1.9e+14   563  1.1   137  0.19  0.01    23
 426  0.976  0.423  25769  1.0e+14   459  0.9    92  0.26  0.01    34
 427  0.718  0.783  32781  1.4e+14   515  1.0   131  0.23  0.01    31
 428  0.022  0.184  24525  4.5e+13   348  0.7    72  0.55  0.01    20
 429  0.761  0.271  31339  6.2e+13   389  0.8   134  0.53  0.01    26
 430  0.889  0.559  33948  6.9e+13   403  0.8   299  0.38  0.01    37
 431  0.173  0.324  36516  6.1e+13   387  0.8   135  0.32  0.01    24
 432  0.969  0.371  15782  2.3e+14   597  1.2    89  0.20  0.01    24
 433  0.816  0.104  34994  1.0e+14   459  0.9   180  0.40  0.01    35
 434  0.450  0.272  41528  3.0e+13   307  0.6   331  0.17  0.01    21
 435  0.122  0.310  33884  7.9e+13   422  0.8    95  0.25  0.01    28
 436  0.438  0.266  41909  8.6e+13   435  0.9   463  0.13  0.01    24
 437  0.782  0.974  35553  7.2e+13   410  0.8   137  0.22  0.01    33
 438  0.612  0.539  42737  1.5e+14   522  1.0   191  0.25  0.01    38
 439  0.938  0.246  38579  1.1e+14   478  0.9   212  0.24  0.01    31
 440  0.037  0.969  43820  7.9e+13   424  0.8    92  0.20  0.01    31
 441  0.486  0.768  36279  6.8e+13   400  0.8    80  0.31  0.01    30
 442  0.957  0.515  42811  2.4e+13   285  0.6   185  0.71  0.01     6
 443  0.452  0.679  27403  1.5e+14   522  1.0   106  0.35  0.01    29
 444  0.100  0.541  23272  6.3e+13   388  0.8    96  0.30  0.01    48
 445  1.008  0.137  31123  1.0e+14   460  0.9   109  0.26  0.01    31
 446  0.157  0.156  25270  1.1e+14   463  0.9   178  0.30  0.01    34
 447  0.860  0.048  40127  4.6e+13   353  0.7   122  0.38  0.01    17
 448  0.877  0.521  33256  1.8e+14   556  1.1   153  0.38  0.01    30
 449  0.138  0.088  23587  1.4e+14   505  1.0   129  0.28  0.01    36
 450  0.971  0.189  32633  7.1e+13   407  0.8   189  0.28  0.01    23
 451  0.129  0.710  41072  9.3e+13   447  0.9   191  0.39  0.01    27
 452  0.529  0.286  43944  4.8e+13   357  0.7   267  0.31  0.01    17
 453  0.616  0.655  29959  6.9e+13   403  0.8   151  0.25  0.01    37
 454  0.631  0.949  41350  1.2e+14   486  1.0   109  0.51  0.01    30
 455  0.546  0.321  25000  1.4e+14   512  1.0    68  0.25  0.01    27
 456  0.203  0.305  29929  5.3e+13   367  0.7    97  0.30  0.01    29
 457  0.491  0.413  40090  1.7e+14   546  1.1   204  0.16  0.01    24
 458  0.242  0.539  36492  3.0e+13   306  0.6   289  0.29  0.01    18
 459  0.224  0.005  40067  4.4e+13   348  0.7   196  0.27  0.01    27
 460  0.073  0.732  40383  3.0e+14   661  1.3   313  0.18  0.01    68
 461  0.275  0.823  36990  8.2e+13   427  0.8   204  0.25  0.01    23
 462  0.969  0.261  40018     -1      -1   -1   139    -1    -1    -1
 463  0.297  0.207  42977  9.9e+13   456  0.9   189  0.20  0.01    22
 464  0.572  0.687  29579  1.5e+14   523  1.0   153  0.56  0.01     0
 465  0.764  0.490  19573  1.5e+14   523  1.1    58  0.52  0.01    27
 466  0.603  0.763  37667  7.0e+13   406  0.8   104  0.44  0.01    23
 467  0.911  0.235  44293  7.9e+13   423  0.8   148  0.25  0.01    29
 468  0.537  0.256  43160  6.4e+14   857  1.7   600  0.07  0.01    33
 469  0.120  0.989  43253  1.3e+14   506  1.0   205  0.25  0.01    40
 470  0.142  1.037  41481  7.0e+13   405  0.8   104  0.25  0.01    16
 471  0.196  0.433  42497  3.6e+13   325  0.6   229  0.48  0.01    23
 472  0.354  0.414  38711  1.5e+14   524  1.0   147  0.21  0.01    32
 473  0.636  0.735  36779  8.7e+13   435  0.9   168  0.17  0.01    26
 474  0.112  0.857  35339  1.4e+14   506  1.0   125  0.31  0.01    28
 475  0.261  0.012  44337  3.1e+13   309  0.6   132  0.54  0.01    17
 476  0.693  0.736  41012  7.7e+13   420  0.8   128  0.27  0.01    20
 477  0.992  0.420  42795  7.0e+13   407  0.8   218  0.19  0.01    33
 478  0.982  0.475  43662  7.3e+13   413  0.8   403  0.19  0.01    68
 479  0.262  0.474  23762     -1      -1   -1   105    -1    -1    -1
 480  0.136  0.504  34386  3.7e+13   327  0.6    97  0.79  0.01    10
 481  0.074  0.921  42167  3.6e+13   326  0.6   165  0.69  0.01    10
 482  0.827  0.363  41439  2.5e+13   287  0.6   113  0.80  0.01     0
 483  0.828  0.327  26350  7.2e+13   407  0.8   145  0.15  0.01    21
 484  0.441  0.331  39728  1.0e+14   458  0.9   251  0.17  0.01    24
 485  0.245  0.273  33523  4.7e+13   354  0.7   134  0.35  0.01    18
 486  0.655  0.516  16132  5.6e+13   373  0.8    60  0.20  0.01    22
 487  0.104  0.190  37628     -1      -1   -1    98    -1    -1    -1
 488  0.856  0.004  43241  8.3e+13   431  0.8   171  0.16  0.01    36
 489  0.419  0.261  27461  3.2e+13   310  0.6   105  0.80  0.01     0
 490  0.094  0.829   5705  1.3e+14   491  1.0    32  0.17  0.01    31
 491  0.316  0.427  43570  5.0e+13   363  0.7   186  0.13  0.01    25
 492  0.092  0.113  23142  2.8e+13   296  0.6   109  0.82  0.01     4
 493  0.503  0.138  39740  1.1e+14   476  0.9   134  0.22  0.01    43
 494  0.022  0.198  39357  3.6e+13   325  0.6   138  0.46  0.01    24
 495  0.039  0.395  38393  9.3e+13   446  0.9   444  0.16  0.01    16
 496  1.008  0.121  39214  8.1e+13   427  0.8   541  0.16  0.01    31
 497  0.995  0.484  20642  1.2e+14   488  1.0    46  0.30  0.01    26
 498  0.472  0.360  37732  8.1e+13   427  0.8   196  0.20  0.01    30
 499  0.311  0.173  30476  4.3e+13   342  0.7   189  0.29  0.01    28
 500  0.092  0.545  30635  5.0e+13   360  0.7   121  0.35  0.01    30
 501  0.188  0.552  38050  1.1e+14   475  0.9   229  0.27  0.01    31
 502  0.609  1.037  24709  7.1e+13   406  0.8    49  0.36  0.01    21
 503  0.904  0.530  33789  1.2e+14   480  0.9   235  0.11  0.01    21
 504  0.834  0.088  16022  1.3e+14   498  1.0    55  0.76  0.01    11
 505  0.619  0.738  38382  5.9e+13   382  0.8   126  0.36  0.01    25
 506  0.184  0.039  44041  5.8e+13   383  0.7   330  0.52  0.01     0
 507  0.418  0.393  42592  3.2e+13   313  0.6   277  0.16  0.01    20
 508  0.322  0.356  43986  1.8e+14   562  1.1   212  0.08  0.01    30
 509  0.948  0.186  15646  3.2e+13   308  0.6    55  0.37  0.01    20
 510  0.202  0.681  36523  1.9e+13   261  0.5   174  0.76  0.01     5
 511  0.770  0.719  33033  9.6e+13   450  0.9   268  0.16  0.01    30
 512  0.615  0.660  29910  3.7e+13   326  0.7   160  0.32  0.01    18
 513  0.738  0.197  23089  2.9e+13   299  0.6    73  0.89  0.01    15
 514  0.805  0.327  22662  2.5e+13   283  0.6   111  0.32  0.01    22
 515  0.045  0.113  23317  6.2e+13   386  0.8    86  0.48  0.01    23
 516  0.278  0.819  36963  8.1e+13   425  0.8   208  0.57  0.01    14
 517  0.909  0.885  31448     -1      -1   -1    71    -1    -1    -1
 518  0.175  0.092  39455  6.6e+14   863  1.7   347  0.12  0.01    86
 519  0.185  0.015  29468  1.6e+13   246  0.5    71  0.96  0.02     0
 520  0.495  0.375  39599  6.6e+13   397  0.8   268  0.25  0.01    20
 521  0.174  0.046  44102  4.4e+13   347  0.7   245  0.60  0.01     0
 522  0.713  0.554  42326  1.8e+13   256  0.5   193  0.74  0.01     2
 523  0.676  0.061  33621  1.2e+14   483  1.0   105  0.23  0.01    30
 524  0.139  0.438  38166  4.7e+13   355  0.7   219  0.45  0.01    20
 525  0.709  0.472   5631  9.5e+13   442  0.9    34  0.29  0.01    29
 526  0.809  0.478  41796  9.5e+13   450  0.9   139  0.13  0.01    39
 527  0.932  0.301  36354  7.9e+13   423  0.8   169  0.26  0.01    23
 528  1.018  0.097  42749  4.0e+13   337  0.7   283  0.18  0.01    21
 529  0.146  0.534  35944  8.8e+13   438  0.9   164  0.19  0.01    18
 530  0.969  0.019  43185  4.7e+13   355  0.7   177  0.26  0.01    16
 531  0.577  0.393  22918  3.0e+14   654  1.3   130  0.27  0.01    59
 532  0.630  0.198  10616  1.1e+14   464  0.9    48  0.30  0.01    28
 533  0.563  0.014  25248  2.8e+14   639  1.3   188  0.25  0.01    47
 534  0.987  0.387  15479  4.9e+13   355  0.7   145  0.13  0.01    23
 535  0.889  0.570  33962  5.4e+13   370  0.7   240  0.52  0.01    21
 536  0.451  0.516   7994  8.5e+13   427  0.9    23  0.32  0.01    21
 537  0.319  0.753  36603  1.3e+14   496  1.0   104  0.27  0.01    28
 538  1.040  0.040  36298  1.2e+14   481  0.9    90  0.30  0.01    28
 539  0.051  0.098  43011  6.3e+13   391  0.8   502  0.15  0.01    26
 540  0.236  0.897  24785  9.2e+13   442  0.9    65  0.25  0.01    24
 541  0.238  0.501  25114  1.1e+14   470  0.9   199  0.35  0.01    40
 542  0.150  0.866  41302  9.0e+13   441  0.9   114  0.43  0.01    19
 543  0.765  0.433  42809  1.0e+14   465  0.9   150  0.23  0.01    29
 544  0.680  0.294  43645  1.5e+13   243  0.5   111  0.86  0.02     9
 545  0.077  0.567  36454  6.4e+13   393  0.8   320  0.52  0.01     2
 546  0.521  0.969  43817  9.5e+13   450  0.9   142  0.13  0.01    24
 547  0.108  0.497  44197  1.3e+14   495  1.0   253  0.06  0.01    22
 548  0.825  0.877  31556  1.1e+14   464  0.9   119  0.34  0.01    33
 549  0.209  0.030  31986  5.6e+13   375  0.7   171  0.29  0.01    21
 550  0.469  0.163  30513  1.4e+14   512  1.0   337  0.17  0.01    30
 551  0.168  0.268  34433  7.1e+13   407  0.8   219  0.35  0.01    34
 552  0.928  0.771  42065  7.9e+13   422  0.8   257  0.28  0.01    23
 553  0.106  0.504  44215  1.2e+14   492  1.0   237  0.49  0.01    13
 554  0.922  0.033  43655  2.2e+13   275  0.5   185  0.72  0.01    10
 555  0.189  0.954  44194  2.3e+13   279  0.5    62  0.76  0.01    18
 556  0.126  0.552  42061  5.6e+13   378  0.7   113  0.31  0.01    23
 557  0.427  0.169  31103     -1      -1   -1    68    -1    -1    -1
 558  1.000  0.264  27749  4.1e+13   338  0.7   162  0.36  0.01    33
 559  0.891  0.621  34859  9.5e+13   449  0.9   299  0.16  0.01    39
 560  0.199  0.344  28017  3.5e+13   319  0.6    79  0.42  0.01    19
 561  0.546  0.632  32350  5.2e+13   365  0.7    99  0.62  0.01    24
 562  0.781  0.039  43808  9.0e+13   443  0.9   159  0.26  0.01    18
 563  0.068  0.738  30929  3.3e+13   315  0.6    67  0.45  0.01    17
 564  0.662  0.343  43035  6.7e+13   401  0.8   114  0.33  0.01    30
 565  0.748  0.482  42760  9.4e+13   449  0.9   232  0.15  0.01    27
 566  0.877  0.691  34821     -1      -1   -1    63    -1    -1    -1
 567  0.851  0.322  41651  5.8e+13   381  0.7   308  0.17  0.01    23
 568  0.099  0.180  31941  2.8e+13   296  0.6    97  0.37  0.01    22
 569  0.225  0.845  36400  6.3e+13   391  0.8   105  0.71  0.01     0
 570  0.964  0.336  28781  4.1e+13   338  0.7   120  0.74  0.01    15
 571  0.552  0.849  33091  3.9e+13   331  0.7    67  0.45  0.01    19
 572  0.321  0.825  24772  3.2e+13   308  0.6    75  0.80  0.01    18
 573  0.980  0.039  36633  7.2e+13   409  0.8    90  0.27  0.01    25
 574  0.267  0.857  39682  3.4e+13   318  0.6   126  0.31  0.01    16
 575  0.601  0.288  35740  1.2e+14   484  1.0   232  0.20  0.01    32
 576  0.192  0.431  42442  5.1e+13   365  0.7   193  0.48  0.01    21
 577  0.955  0.266  21244  4.0e+13   333  0.7   117  0.51  0.01    18
 578  0.029  0.337   6228  2.9e+13   296  0.6    36  0.47  0.01    25
 579  0.080  0.170  28812  1.1e+14   470  0.9    89  0.26  0.01    25
 580  0.341  0.845  41757  8.6e+13   435  0.9    94  0.37  0.01    20
 581  0.538  0.811  32421     -1      -1   -1    98    -1    -1    -1
 582  0.949  0.395  34636  7.1e+12   187  0.4   135  0.93  0.02    11
 583  0.293  0.482  31834  7.7e+13   418  0.8   119  0.35  0.01    35
 584  0.464  0.962  43814  9.0e+13   443  0.9   196  0.16  0.01    38
 585  0.949  0.288  20351  6.0e+13   382  0.8   112  0.36  0.01    25
 586  0.603  0.506  36217     -1      -1   -1   139    -1    -1    -1
 587  0.122  0.535  34202  7.1e+13   407  0.8   116  0.68  0.01     6
 588  0.798  0.173  35448  1.6e+14   535  1.1   180  0.52  0.01     8
 589  0.184  0.141  24372  1.3e+14   490  1.0   331  0.24  0.01    35
 590  0.419  0.425  43970  9.4e+13   449  0.9   151  0.15  0.01    22
 591  0.956  0.427  25777  9.3e+13   444  0.9    98  0.23  0.01    28
 592  0.492  0.441  40298  4.5e+13   351  0.7   210  0.26  0.01    18
 593  0.564  1.011  40829  8.1e+13   427  0.8   128  0.64  0.01    14
 594  0.339  0.667  41953  3.9e+13   335  0.7   133  0.60  0.01    21
 595  0.568  0.938  41552  1.2e+14   486  1.0   127  0.47  0.01    32
 596  0.078  0.118  42050  6.0e+13   386  0.8   251  0.56  0.01    15
 597  0.038  0.445  29552  9.5e+13   448  0.9   139  0.33  0.01    24
 598  0.351  0.627  37860  7.8e+13   420  0.8    95  0.70  0.01    10
 599  0.779  0.328   9140  1.4e+14   499  1.0    37  0.38  0.01    29
 600  0.320  0.537  21117  2.2e+13   272  0.5    97  0.76  0.01    17
 601  0.821  0.268  42011  7.6e+13   417  0.8   115  0.21  0.01    27
 602  0.555  0.945  26320     -1      -1   -1    53    -1    -1    -1
 603  0.716  0.413  42717  6.1e+13   388  0.8   122  0.21  0.01    23
 604  0.734  0.866  27866  6.9e+13   401  0.8    41  0.32  0.01    16
 605  0.599  0.605  30876  4.2e+13   341  0.7   179  0.22  0.01    25
 606  1.021  0.259  41182  3.9e+13   334  0.7   206  0.19  0.01    17
 607  0.136  0.022  28326  4.8e+13   356  0.7    67  0.35  0.01    20
 608  0.341  0.108  31279  8.5e+13   431  0.9   101  0.34  0.01    24
 609  0.859  0.892  32151  4.9e+13   357  0.7    72  0.52  0.01    28
 610  0.220  0.017  32133  6.7e+13   399  0.8   189  0.33  0.01    25
 611  0.958  0.275  44399  3.1e+14   672  1.3   138  0.12  0.01    16
 612  0.101  0.911  42408  1.8e+13   256  0.5   151  0.79  0.01    13
 613  0.634  0.366  20716  1.2e+14   477  1.0    55  0.42  0.01    25
 614  0.686  0.411  17637  5.1e+13   361  0.7    53  0.69  0.01    23
 615  0.488  0.171  30283  2.8e+13   297  0.6   144  0.76  0.01    12
 616  0.860  0.746  33739  5.7e+13   377  0.7   104  0.72  0.01    23
 617  0.854  0.486  24560  9.9e+13   452  0.9   142  0.28  0.01    27
 618  0.356  0.047  42991  1.1e+14   468  0.9   230  0.20  0.01    26
 619  0.387  0.370  39821  5.5e+13   375  0.7   226  0.32  0.01    19
 620  0.601  0.680  29769  4.6e+13   350  0.7    95  0.28  0.01    32
 621  0.187  0.240  26560  1.4e+14   509  1.0    59  0.39  0.01    22
 622  0.566  0.613  41592  4.1e+13   339  0.7   147  0.69  0.01    15
 623  0.258  0.196  34395  2.7e+13   294  0.6   143  0.76  0.01    13
 624  0.095  0.141  41958  5.1e+13   365  0.7   162  0.19  0.01    24
 625  0.068  0.823  25407  3.6e+13   323  0.6   163  0.11  0.01    18
 626  0.354  1.023  30252  1.1e+14   463  0.9    76  0.28  0.01    21
 627  0.013  0.378  39948     -1      -1   -1   195    -1    -1    -1
 628  0.095  0.569  43933  7.9e+13   423  0.8   323  0.18  0.01    27
 629  0.776  0.110  34461  7.1e+13   407  0.8   188  0.60  0.01    14
 630  0.714  0.001  25260  6.8e+13   399  0.8    56  0.56  0.01    18
 631  1.006  0.173  38830  7.9e+13   422  0.8   165  0.31  0.01    30
 632  0.398  0.279  22601  6.6e+13   395  0.8   109  0.40  0.01    24
 633  0.255  0.810  36852  6.2e+13   389  0.8   160  0.18  0.01    23
 634  0.852  0.520  32413  1.2e+13   223  0.4    63  1.02  0.02     4
 635  0.030  0.374  37995  5.4e+13   372  0.7   304  0.18  0.01    21
 636  0.863  0.989  27472  7.6e+13   414  0.8    52  0.63  0.01    25
 637  0.904  0.332  37319  5.8e+13   381  0.8   204  0.41  0.01    31
 638  0.485  0.413  21298  9.2e+12   203  0.4    43  1.14  0.02    11
 639  0.889  0.592  34288  4.7e+13   355  0.7   147  0.36  0.01    20
 640  0.311  0.602  43428  7.3e+13   412  0.8   103  0.33  0.01    21
 641  0.817  0.016  29781  3.0e+11    64  0.1   115  1.40  0.03     2
 642  1.025  0.063  21958  1.1e+14   473  1.0    68  0.32  0.01    23
 643  1.014  0.420  43963  9.6e+13   452  0.9   337  0.12  0.01    24
 644  0.875  0.134  43965  7.5e+13   416  0.8   229  0.55  0.01    13
 645  0.418  0.740  42668  9.7e+13   453  0.9   194  0.12  0.01    21
 646  0.818  0.068  16145  6.4e+13   390  0.8    42  0.22  0.01    29
 647  0.200  1.020  41944  4.5e+13   350  0.7   214  0.17  0.01    23
 648  0.681  0.742  40945  1.5e+14   522  1.0   124  0.24  0.01    25
 649  0.919  0.489  35755  3.3e+13   314  0.6   131  0.75  0.01    14
 650  0.335  0.965  31179  7.3e+13   410  0.8    69  0.77  0.01    12
 651  0.110  0.643  40540  4.4e+13   346  0.7   113  0.73  0.01    10
 652  0.719  0.437  35876  7.8e+13   420  0.8   112  0.67  0.01    10
 653  0.398  0.276  43527     -1      -1   -1   239    -1    -1    -1
 654  0.853  0.063  39801  4.7e+13   354  0.7   123  0.34  0.01    16
 655  0.700  0.391  23685     -1      -1   -1    58    -1    -1    -1
 656  0.212  0.315  44325  3.7e+13   327  0.6   156  0.69  0.01    15
 657  0.803  0.847  24165  4.4e+13   346  0.7    57  0.61  0.01    21
 658  0.604  0.653  23760  1.4e+14   507  1.0    70  0.40  0.01    27
 659  0.884  0.147  43890  6.6e+13   400  0.8   217  0.26  0.01    22
 660  0.978  0.376  15642  1.7e+14   538  1.1   116  0.11  0.01    22
 661  0.063  1.005  24091  1.0e+13   212  0.4    38  1.15  0.02    10
 662  0.580  0.391  22959  2.3e+14   598  1.2   145  0.26  0.01    49
 663  0.609  0.490  36021  7.3e+13   411  0.8   208  0.23  0.01    25
 664  0.583  1.017  24705  1.1e+14   472  0.9    76  0.23  0.01    24
 665  0.447  0.148  30856  6.5e+13   393  0.8    94  0.73  0.01     0
 666  0.215  0.535  36667  6.2e+13   390  0.8   224  0.26  0.01    17
 667  0.189  0.976  28686  6.9e+13   401  0.8    59  0.42  0.01    28
 668  0.320  0.858  37749  1.1e+14   466  0.9   178  0.56  0.01    13
 669  0.537  0.959  32611  4.7e+13   353  0.7    50  0.37  0.01    22
 670  0.611  0.896  41232  5.2e+13   367  0.7    87  0.76  0.01    14
 671  0.182  0.032  44097  2.8e+13   298  0.6   253  0.30  0.01    20
 672  0.276  0.451  37840  7.8e+13   420  0.8    80  0.56  0.01    19
 673  1.021  0.529  43925  9.9e+13   457  0.9   266  0.06  0.01    26
 674  0.646  0.060  33518     -1      -1   -1   146    -1    -1    -1
 675  0.111  0.360  38001  7.0e+13   406  0.8   201  0.14  0.01    16
 676  0.039  0.947  42570  2.7e+13   295  0.6    56  0.92  0.01    10
 677  0.998  0.524  42475  2.8e+13   298  0.6   128  0.37  0.01    17
 678  0.749  0.745  23171  1.9e+14   563  1.1   110  0.24  0.01    16
 679  0.694  0.188  23511  4.4e+13   345  0.7    89  0.44  0.01    16
 680  0.588  0.282  21957  1.3e+14   497  1.0    66  0.28  0.01    24
 681  0.375  0.198  36066  1.4e+14   515  1.0   135  0.31  0.01    28
 682  0.102  0.360  43830  7.8e+13   422  0.8   125  0.08  0.01    20
 683  1.028  0.249  42379  9.2e+13   446  0.9   142  0.61  0.01    15
 684  0.031  0.385  38012  1.5e+13   243  0.5   308  0.25  0.02    22
 685  0.113  0.621  41153  2.3e+14   605  1.2   248  0.28  0.01    27
 686  1.018  0.110  39302  1.4e+13   234  0.5   467  0.63  0.02    12
 687  0.188  0.153  43189  2.1e+13   271  0.5   161  0.50  0.01    17
 688  0.800  0.093  42660  8.1e+13   426  0.8   240  0.13  0.01    26
 689  0.583  0.083  37248  4.9e+13   360  0.7   184  0.64  0.01    13
 690  0.751  0.936  26398  7.0e+13   403  0.8    75  0.59  0.01    18
 691  0.715  0.200  23140  9.1e+13   439  0.9   116  0.36  0.01    22
 692  0.020  0.111  40639  1.2e+14   493  1.0   132  0.26  0.01    20
 693  0.190  0.831  44436  3.4e+13   319  0.6   225  0.37  0.01    23
 694  0.340  0.730  31832  6.2e+13   389  0.8    99  0.72  0.01     0
 695  0.054  0.098  43095  7.5e+13   415  0.8   470  0.15  0.01    20
 696  0.182  0.140  43025  4.2e+12   158  0.3   130  1.00  0.02     6
 697  0.596  1.018  42540  4.7e+13   357  0.7    91  0.76  0.01    11
 698  0.452  0.353  42554  4.8e+13   357  0.7   230  0.20  0.01    25
 699  0.746  0.421  25142  3.1e+13   306  0.6   154  0.25  0.01    18
 700  0.536  0.064  35788  5.6e+13   375  0.7    91  0.75  0.01     8
 701  0.750  0.102  39304  1.8e+14   554  1.1   368  0.18  0.01    68
 702  0.088  0.122  41762     -1      -1   -1   230    -1    -1    -1
 703  0.098  0.499  44097  8.1e+13   427  0.8   284  0.09  0.01    19
 704  0.959  0.150  14213  6.0e+13   380  0.8    54  0.71  0.01    26
 705  0.980  0.735  28128  2.1e+13   267  0.5    68  0.94  0.01    13
 706  0.622  0.209  28974  7.5e+13   413  0.8    93  0.67  0.01    25
 707  1.024  0.173  31989  1.8e+14   558  1.1   320  0.14  0.01    55
 708  0.033  0.636  31052  1.2e+14   485  1.0   127  0.27  0.01    34
 709  0.958  0.267  34158     -1      -1   -1   148    -1    -1    -1
 710  0.238  0.129  31670  4.5e+12   160  0.3   178  0.94  0.02    12
 711  0.210  0.253  40482  1.2e+14   485  1.0   148  0.31  0.01    19
 712  0.171  0.109  39231  1.1e+14   474  0.9   294  0.16  0.01    18
 713  0.063  0.899   4343  7.4e+13   406  0.8    29  0.25  0.01    27
 714  0.049  0.480  30143  1.1e+14   470  0.9   142  0.22  0.01    22
 715  0.394  0.301  40853  5.5e+13   375  0.7   186  0.24  0.01    24
 716  0.088  0.708  37431  6.2e+13   389  0.8   154  0.24  0.01    20
 717  0.690  0.632  35527  1.1e+14   475  0.9   125  0.61  0.01    15
 718  0.091  0.304  38565  1.0e+14   461  0.9   139  0.26  0.01    22
 719  1.011  0.676  42294  7.9e+13   424  0.8   171  0.22  0.01    21
 720  0.099  0.752  31326  3.3e+13   313  0.6   117  0.67  0.01    16
 721  0.346  0.308  31010  1.0e+14   457  0.9   120  0.30  0.01    23
 722  0.064  0.443   2075  7.5e+13   409  0.8    16  0.21  0.01    16
 723  0.678  0.323  26779  8.4e+13   430  0.9    68  0.31  0.01    21
 724  0.135  0.361  37979  1.6e+14   531  1.0   217  0.49  0.01    11
 725  0.544  0.248  43078  1.4e+14   509  1.0   548  0.08  0.01    59
 726  0.933  0.316  43043  4.1e+13   339  0.7   183  0.46  0.01    22
 727  0.474  0.366  37655  4.3e+13   343  0.7   172  0.23  0.01    18
 728  1.014  0.225  30014  5.0e+13   361  0.7    86  0.63  0.01    16
 729  0.365  0.554  28936  1.1e+14   466  0.9   207  0.17  0.01    52
 730  0.920  0.627  34881  9.0e+13   441  0.9   316  0.20  0.01    31
 731  0.179  0.104  39443     -1      -1   -1   289    -1    -1    -1
 732  0.048  0.098  42952  5.8e+13   381  0.7   518  0.13  0.01    18
 733  0.072  0.730  40075  2.6e+14   629  1.2   331  0.15  0.01    71
 734  0.499  0.380  39689  7.1e+12   188  0.4   270  0.80  0.02    11
 735  0.479  0.138  30628  4.1e+11    72  0.1   284  1.17  0.03     4
 736  0.754  0.012  25292  4.1e+13   336  0.7   148  0.71  0.01    12
 737  0.449  0.965  43834  3.3e+13   316  0.6   169  0.17  0.01    27
 738  0.720  0.568  44305  4.4e+13   348  0.7   190  0.64  0.01     9
 739  0.605  0.283  35890  5.0e+13   363  0.7   263  0.22  0.01    22
 740  0.553  0.632  20341  5.6e+13   373  0.8    71  0.29  0.01    30
 741  0.811  0.451  25497  1.2e+13   224  0.5   132  0.88  0.02    11
 742  0.925  0.850  43658  2.2e+12   127  0.3   155  1.05  0.02     7
 743  0.278  0.168  34395  1.7e+14   541  1.1   291  0.27  0.01    47
 744  0.276  0.972  41684  4.6e+13   352  0.7   247  0.07  0.01    27
 745  0.964  0.400  34676  1.6e+14   534  1.1   165  0.37  0.01    16
 746  0.794  0.041  35081  5.0e+13   362  0.7   372  0.22  0.01    29
 747  0.559  0.443  22221  4.3e+13   342  0.7    86  0.30  0.01    25
 748  0.759  0.019  25315  4.8e+13   355  0.7   174  0.27  0.01    17
 749  0.238  0.526  36818  1.2e+14   489  1.0   311  0.19  0.01    25
 750  0.134  0.345  37999  8.8e+13   438  0.9   280  0.15  0.01    22
 751  0.523  0.744  32640  5.5e+13   373  0.7   138  0.29  0.01    17
 752  0.797  0.992  42780  2.8e+13   300  0.6   100  0.37  0.01    18
 753  0.290  0.140  23222  8.5e+13   429  0.9    70  0.33  0.01    21
 754  0.800  0.467  24846  3.9e+13   331  0.7   176  0.69  0.01     7
 755  0.932  0.407  24837  4.4e+13   345  0.7    83  0.42  0.01    20
 756  0.122  0.260  34894  4.1e+13   337  0.7   190  0.66  0.01     0
 757  0.750  0.804  33337  4.2e+13   341  0.7   147  0.54  0.01    17
 758  0.189  0.117  23651  6.3e+13   390  0.8   125  0.33  0.01    22
 759  0.819  0.297  16196     -1      -1   -1   117    -1    -1    -1
 760  0.442  0.286  40187  6.8e+13   401  0.8   372  0.19  0.01    20
 761  0.742  0.550  30652  7.1e+13   406  0.8   111  0.24  0.01    36
 762  0.008  0.615  33509  6.2e+13   389  0.8   140  0.37  0.01    35
 763  0.281  0.973  41624  7.2e+13   410  0.8   254  0.07  0.01    26
 764  0.457  0.833  39468     -1      -1   -1   131    -1    -1    -1
 765  0.398  0.537  28029  3.0e+13   304  0.6   142  0.45  0.01    18
 766  0.095  0.965  37125  1.1e+14   472  0.9   195  0.25  0.01    61
 767  0.327  0.171  43552  2.6e+13   293  0.6    84  0.84  0.01     0
 768  0.707  0.559  42256  5.9e+13   385  0.8   271  0.14  0.01    23
 769  0.038  0.412  21470  2.8e+13   297  0.6    77  0.70  0.01    21
 770  0.938  0.841  36738  3.1e+13   308  0.6    98  0.81  0.01    15
 771  0.078  0.068  40276  4.2e+13   341  0.7   120  0.31  0.01    17
 772  0.822  0.349  21911  4.8e+13   355  0.7    76  0.32  0.01    16
 773  0.986  1.023  28007     -1      -1   -1    82    -1    -1    -1
 774  0.826  0.256  32315  5.5e+13   373  0.7    86  0.40  0.01    19
 775  0.095  0.508  30313  5.3e+13   369  0.7   189  0.66  0.01    16
 776  0.179  0.056  44044  8.3e+13   431  0.8   315  0.14  0.01    19
 777  0.612  0.645  23731  1.7e+13   251  0.5    78  0.94  0.02     0
 778  0.275  0.170  34425  6.7e+13   398  0.8   285  0.36  0.01    31
 779  0.722  0.739  23630  1.2e+14   480  1.0   184  0.09  0.01    38
 780  0.508  0.282  32370  2.8e+13   297  0.6   100  0.82  0.01     0
 781  0.034  0.634  31018  1.2e+14   489  1.0   130  0.27  0.01    44
 782  0.811  0.116  23361  2.8e+12   136  0.3    25  1.42  0.02     0
 783  0.577  1.013  27781  3.3e+13   313  0.6    40  0.98  0.01     0
 784  0.244  0.026  44084  4.5e+13   351  0.7   220  0.52  0.01    37
 785  0.228  0.513  25057  2.6e+13   287  0.6   176  0.62  0.01    16
 786  0.621  0.843  27297  3.7e+14   707  1.4    87  0.55  0.01     3
 787  0.059  0.034  27469  1.1e+14   473  0.9   105  0.65  0.01    10
 788  0.319  0.388  26445  1.3e+14   500  1.0   112  0.29  0.01    27
 789  0.863  0.929  35671  5.4e+13   372  0.7    81  0.44  0.01    22
 790  0.696  0.565  33538  5.3e+13   369  0.7   111  0.51  0.01    22
 791  0.455  0.847  23555  8.6e+13   431  0.9    68  0.26  0.01    28
 792  0.501  0.969  26618  3.2e+13   311  0.6    90  0.55  0.01    21
 793  0.451  0.372  43002  6.9e+13   404  0.8   263  0.15  0.01    19
 794  0.616  0.172  29346  5.5e+13   373  0.7    93  0.59  0.01    21
 795  0.024  0.773  41825  2.1e+13   270  0.5   243  0.37  0.01    18
 796  0.696  0.124  25620  1.2e+14   480  1.0    57  0.35  0.01    17
 797  0.402  0.063  43380  3.1e+13   309  0.6   129  0.22  0.01    22
 798  0.834  0.606  42129  9.5e+13   449  0.9    93  0.45  0.01    26
 799  0.865  0.393  24512  9.4e+13   445  0.9   183  0.26  0.01    26
 800  0.096  0.542  43993  3.2e+13   313  0.6   142  0.72  0.01    14
 801  0.222  0.276  40160  7.3e+13   412  0.8   139  0.31  0.01    27
 802  0.338  0.415  25507  5.4e+13   370  0.7   204  0.62  0.01    13
 803  0.116  1.025  40133  3.6e+13   324  0.6    85  0.36  0.01    16
 804  0.852  0.319  41671  2.6e+13   291  0.6   310  0.22  0.01    17
 805  1.011  0.332  22336     -1      -1   -1   110    -1    -1    -1
 806  0.218  0.066  42236  2.8e+13   298  0.6   246  0.17  0.01    16
 807  0.011  0.053  40554     -1      -1   -1   105    -1    -1    -1
 808  0.243  0.506  25065  8.1e+13   423  0.8   201  0.42  0.01    23
 809  0.224  0.185  34613  3.3e+13   314  0.6   134  0.74  0.01    10
 810  1.028  0.423  44297  1.9e+13   263  0.5   287  0.66  0.01    13
 811  0.341  0.646  36417     -1      -1   -1    86    -1    -1    -1
 812  0.350  0.870  24529  4.8e+13   356  0.7    83  0.80  0.01    13
 813  0.928  0.765  42064  7.0e+13   407  0.8   262  0.31  0.01    24
 814  0.677  0.169  44074  2.2e+13   277  0.5   122  0.80  0.01    10
 815  0.228  0.474  25900  9.7e+12   208  0.4   108  0.95  0.02    10
 816  0.359  0.002  39319  2.0e+14   581  1.1   130  0.20  0.01    26
 817  1.014  0.334  30842  5.4e+13   371  0.7   133  0.29  0.01    26
 818  0.649  0.598  18327  1.6e+14   536  1.1    57  0.41  0.01    21
 819  0.345  0.387  43294  6.0e+13   387  0.8   182  0.69  0.01    16
 820  0.361  0.381  38935     -1      -1   -1   204    -1    -1    -1
 821  0.201  0.545  21868  6.9e+13   400  0.8   149  0.22  0.01    25
 822  1.038  0.150  25279  7.5e+13   412  0.8    80  0.63  0.01    25
 823  0.959  0.274  34136  3.8e+13   329  0.7   174  0.28  0.01    18
 824  0.962  0.190  25481     -1      -1   -1   157    -1    -1    -1
 825  0.133  0.666  43701  5.6e+13   377  0.7   151  0.30  0.01    23
 826  0.281  0.655  37999  8.1e+13   426  0.8   190  0.31  0.01    30
 827  0.699  0.020  38084  5.0e+13   363  0.7   264  0.24  0.01    27
 828  0.956  0.193  25278  9.8e+13   452  0.9   168  0.59  0.01    12
 829  0.603  0.758  31145  5.7e+13   376  0.7   102  0.32  0.01    25
 830  0.231  0.808  36654  4.7e+11    76  0.2   113  1.33  0.03     2
 831  0.538  0.455  21989  6.1e+13   384  0.8    64  0.82  0.01    14
 832  0.818  0.226  15812  7.4e+13   408  0.8   109  0.19  0.01    21
 833  0.275  0.004  38177  3.9e+13   333  0.7   175  0.36  0.01    16
 834  0.431  0.352  43959  3.8e+13   333  0.7   122  0.25  0.01    18
 835  0.039  0.239  24716  1.8e+14   552  1.1    69  0.56  0.01    20
 836  0.157  0.197  28807  8.7e+13   434  0.9   120  0.30  0.01    19
 837  0.835  0.333  22896  1.8e+13   254  0.5   164  0.80  0.02    13
 838  0.301  0.030  39257  1.0e+13   213  0.4   198  0.81  0.02    11
 839  0.203  0.032  43497  2.1e+15  1267  2.5   784  0.03  0.00    34
 840  0.681  0.657  35502  1.9e+13   261  0.5    71  0.93  0.01     0
 841  0.551  0.061  37387  7.4e+13   413  0.8    90  0.24  0.01    18
 842  0.536  1.031  40382  5.6e+13   377  0.7   124  0.69  0.01    14
 843  0.160  1.041  41426  1.2e+13   225  0.4    96  0.92  0.02     9
 844  0.188  0.327  36516  9.2e+13   444  0.9   169  0.25  0.01    25
 845  0.829  0.444  25519  4.7e+13   352  0.7   143  0.33  0.01    25
 846  0.213  0.262  28887  9.0e+13   439  0.9    65  0.76  0.01    14
 847  0.862  0.254  15960  1.3e+13   229  0.5    36  1.14  0.02     8
 848  0.454  0.836  39522  4.5e+13   349  0.7   120  0.34  0.01    25
 849  0.474  0.376  36407  3.4e+13   319  0.6    83  0.82  0.01     0
 850  0.226  0.560  37581  1.4e+14   512  1.0   128  0.24  0.01    27
 851  0.888  0.997  36214  5.9e+13   383  0.8    79  0.56  0.01    23
 852  0.996  0.411  42881  8.1e+13   427  0.8   264  0.23  0.01    19
 853  0.135  0.972  35948  1.3e+13   229  0.5   123  0.87  0.02     4
 854  0.538  0.831  42616  6.5e+13   396  0.8   114  0.68  0.01    12
 855  0.520  0.621  32893  9.0e+13   440  0.9    84  0.29  0.01    19
 856  0.531  0.387  43932  4.5e+13   351  0.7   122  0.77  0.01    19
 857  0.411  0.948  23227  6.1e+13   385  0.8    59  0.56  0.01    17
 858  0.559  0.680  41282  2.8e+13   300  0.6   101  0.80  0.01    10
 859  0.182  0.384  37445  3.5e+11    68  0.1   148  1.32  0.03     5
 860  0.184  0.106  42975     -1      -1   -1   314    -1    -1    -1
 861  0.741  0.230  38076  4.4e+13   346  0.7   173  0.66  0.01    12
 862  0.916  0.509  14808  7.1e+13   403  0.8    28  0.96  0.01     9
 863  0.714  0.352  40890  4.8e+13   358  0.7   165  0.21  0.01    18
 864  0.142  0.735  27427  4.9e+13   358  0.7   210  0.63  0.01    14
 865  0.735  0.703  43089  2.8e+13   299  0.6   303  0.61  0.01     8
 866  0.767  0.205  32343  1.3e+13   232  0.5    93  0.93  0.02    15
 867  0.189  0.375  28397  6.5e+13   393  0.8    77  0.77  0.01    13
 868  0.410  0.063   7647  7.7e+13   413  0.8    40  0.45  0.01    26
 869  0.227  0.535  36491  5.4e+13   371  0.7   266  0.57  0.01    15
 870  0.229  0.529  36567  2.5e+13   288  0.6   299  0.24  0.01    18
 871  0.270  0.706  36235  8.0e+13   423  0.8   108  0.68  0.01     0
 872  0.217  0.325  31390  6.7e+13   399  0.8    98  0.45  0.01    19
 873  0.507  0.767  44149     -1      -1   -1    88    -1    -1    -1
 874  0.645  0.222  38064  6.3e+13   392  0.8   142  0.47  0.01    19
 875  0.410  0.796  38359  2.2e+13   274  0.5   125  0.80  0.01    15
 876  0.116  1.010  28359  3.4e+13   316  0.6    27  1.05  0.01    10
 877  0.858  0.503  44005  1.1e+13   218  0.4   131  0.87  0.02    15
 878  0.123  0.198  44334  2.1e+13   270  0.5   113  0.82  0.01    11
 879  0.287  0.122  39027  7.7e+13   419  0.8   307  0.51  0.01    11
 880  0.422  0.313  31715  8.5e+12   199  0.4    95  0.98  0.02     0
 881  0.604  0.817  27684  6.4e+13   391  0.8    90  0.34  0.01    23
 882  0.092  0.103  23172  1.5e+13   238  0.5   112  0.89  0.02    10
 883  0.722  0.618  32218  1.7e+13   249  0.5    99  0.89  0.02    15
 884  0.518  0.533  40823  8.6e+13   434  0.9   232  0.54  0.01    13
 885  0.960  0.200  32949  4.1e+12   156  0.3   173  0.96  0.02     8
 886  0.448  0.402  43233  1.3e+14   503  1.0   532  0.16  0.01    23
 887  0.305  0.158  30336     -1      -1   -1   299    -1    -1    -1
 888  0.142  0.704  41344  1.1e+14   478  0.9   164  0.39  0.01    19
 889  0.525  0.294  43994  6.6e+11    85  0.2   217  1.14  0.03     3
 890  0.881  0.075  15951  4.6e+13   349  0.7    91  0.41  0.01    20
 891  0.057  0.105  43080  1.0e+14   461  0.9   382  0.45  0.01     7
 892  0.904  0.216  44503  3.8e+13   332  0.6   178  0.67  0.01    14
 893  0.148  0.711  35261  1.3e+13   229  0.5   153  0.87  0.02    17
 894  0.046  0.103  42685  9.4e+13   449  0.9   443  0.12  0.01    16
 895  0.140  0.408  27576  3.3e+13   313  0.6    81  0.72  0.01    17
 896  0.293  0.842  30496  1.2e+14   490  1.0    50  0.76  0.01    14
 897  0.615  1.025  19950  5.5e+13   370  0.7    76  0.53  0.01    16
 898  0.195  0.771  22221  9.5e+12   206  0.4    36  1.17  0.02    12
 899  0.993  0.086  43041  5.1e+13   367  0.7   153  0.30  0.01    27
 900  0.844  0.291  26022     -1      -1   -1   111    -1    -1    -1
 901  0.035  0.784  25536  7.7e+13   416  0.8    55  0.58  0.01    21
 902  0.081  0.138  40347  7.2e+13   409  0.8   180  0.25  0.01    17
 903  0.922  0.765  42059  4.2e+13   342  0.7   258  0.32  0.01    22
 904  0.051  0.249  41898  5.2e+13   368  0.7   206  0.43  0.01    21
 905  0.554  0.237  43196  3.6e+13   324  0.6   366  0.19  0.01    23
 906  0.889  0.621  34821  9.6e+13   450  0.9   282  0.17  0.01    33
 907  0.083  0.314  26239  3.2e+13   310  0.6    76  0.48  0.01    22
 908  0.572  0.689  35243  2.6e+12   134  0.3    78  1.17  0.02    10
 909  0.189  0.142  43135  2.5e+13   287  0.6   158  0.74  0.01    12
 910  0.475  0.221  42137  3.3e+13   316  0.6   139  0.73  0.01    10
 911  0.755  0.498  15494  2.3e+13   274  0.6    53  0.82  0.01    20
 912  0.785  0.189  43724  2.5e+13   287  0.6   138  0.76  0.01     9
 913  0.786  0.754  33304     -1      -1   -1    75    -1    -1    -1
 914  0.515  0.708  41479     -1      -1   -1   131    -1    -1    -1
 915  0.693  0.488  23982  7.9e+13   419  0.8    59  0.23  0.01    16
 916  0.676  0.743  24152  3.9e+13   331  0.7    47  0.93  0.01    11
 917  0.265  0.145  38989  1.1e+13   215  0.4   172  0.83  0.02     9
 918  0.842  0.444  25346  1.1e+12    99  0.2   165  1.16  0.02     4
 919  0.334  0.728  31250  6.6e+12   182  0.4   201  0.87  0.02     8
 920  0.969  0.894  28918  4.8e+12   165  0.3    48  1.20  0.02     5
 921  0.153  0.477  38078  8.2e+13   428  0.8   105  0.67  0.01    13
 922  0.365  0.399  38762  5.0e+13   361  0.7   184  0.61  0.01    17
 923  0.008  0.029  40706  6.0e+13   385  0.8   285  0.54  0.01     3
 924  0.216  0.958  23862  7.7e+13   416  0.8    66  0.42  0.01    18
 925  0.733  0.245  38331  1.1e+14   465  0.9   324  0.26  0.01    26
 926  0.542  0.049  25226  2.7e+13   294  0.6   156  0.75  0.01    10
 927  0.336  0.234  42527  6.8e+13   402  0.8   150  0.20  0.01    21
 928  0.614  0.977  25045  4.6e+13   349  0.7    93  0.30  0.01    23
 929  0.826  0.244  24450  1.9e+13   258  0.5    46  1.03  0.01    12
 930  0.094  0.078  34030  4.8e+13   356  0.7    91  0.37  0.01    22
 931  0.790  0.557  24784  1.1e+14   470  0.9   106  0.43  0.01    16
 932  0.761  0.285  23063  2.0e+13   266  0.5   104  0.86  0.01    11
 933  0.732  0.912  26674  4.8e+13   356  0.7    37  0.59  0.01    18
 934  0.723  0.635  42980  1.3e+14   494  1.0   104  0.62  0.01    15
 935  0.555  0.904  25916  3.7e+13   327  0.7    99  0.46  0.01    18
 936  0.451  0.489  40598  4.1e+12   156  0.3   158  0.97  0.02     9
 937  0.253  0.535  37585     -1      -1   -1   219    -1    -1    -1
 938  0.813  0.970  43303  4.9e+13   360  0.7    97  0.34  0.01    16
 939  0.904  0.263  36124     -1      -1   -1   145    -1    -1    -1
 940  0.726  0.600  37086     -1      -1   -1    76    -1    -1    -1
 941  0.792  0.036  35084  2.1e+12   124  0.2   287  0.95  0.02     7
 942  0.880  0.886  25171  1.7e+13   252  0.5   129  0.84  0.02    13
 943  0.237  0.595  37920  2.9e+13   302  0.6   150  0.73  0.01    10
 944  0.459  0.304  39803  4.5e+13   351  0.7   341  0.29  0.01    16
 945  0.504  0.460  40607  3.6e+13   325  0.6   189  0.31  0.01    18
 946  0.924  0.220  43876     -1      -1   -1   104    -1    -1    -1
 947  0.404  0.525  27919  1.5e+14   518  1.0   130  0.29  0.01    22
 948  0.134  0.979  36050  2.3e+13   279  0.6   137  0.78  0.01    12
 949  0.664  0.175  38235  5.0e+12   167  0.3    66  1.12  0.02    10
 950  0.837  1.027  29892  4.2e+13   339  0.7    93  0.47  0.01    21
 951  0.965  0.464  43443  3.7e+15  1549  3.0   364  0.05  0.01    25
 952  0.109  0.104  44098  1.4e+13   237  0.5   267  0.47  0.02    20
 953  0.534  0.628  15189  3.3e+13   311  0.6    29  1.06  0.01     9
 954  0.883  0.645  34998  3.9e+13   333  0.7   136  0.72  0.01    10
 955  0.808  0.922  33846  1.5e+13   243  0.5    71  0.96  0.02     7
 956  1.041  0.155  31616  2.3e+13   278  0.6   176  0.36  0.01    20
 957  1.024  0.843  29300  4.6e+13   351  0.7   123  0.73  0.01    14
 958  0.348  0.193  41358  4.2e+13   343  0.7   179  0.66  0.01     0
 959  0.549  0.956  21349     -1      -1   -1    53    -1    -1    -1
 960  0.531  0.708  24075  6.9e+13   400  0.8    52  0.84  0.01    12
 961  0.611  0.693  29822  3.9e+13   332  0.7   123  0.74  0.01     0
 962  0.665  0.133  43129  1.7e+13   251  0.5   120  0.25  0.02    17
 963  0.332  0.232  29383  4.0e+13   335  0.7    92  0.79  0.01     2
 964  0.022  0.099  23661  4.2e+13   339  0.7    72  0.84  0.01     3
 965  0.400  0.783  38551  7.1e+13   408  0.8   145  0.26  0.01    19
 966  0.980  0.916  41555  4.8e+13   358  0.7    87  0.41  0.01    17
 967  0.975  0.240  21193  1.3e+13   226  0.5    89  0.96  0.02     8
 968  0.862  0.328  22745  5.1e+13   362  0.7   149  0.41  0.01    20
 969  0.257  0.873  40110  6.4e+13   393  0.8   118  0.35  0.01    19
 970  0.925  0.701  14134  3.6e+13   321  0.7    77  0.31  0.01    20
 971  0.109  0.198  30680  1.1e+14   471  0.9   114  0.28  0.01    21
 972  0.462  0.687  27502  8.3e+13   427  0.9    81  0.73  0.01     9
 973  0.749  0.508  19596  2.4e+13   280  0.6    33  1.07  0.01     0
 974  0.137  0.425  27623  4.7e+13   354  0.7    89  0.41  0.01    18
 975  0.170  0.973  44186  2.3e+12   129  0.3    95  1.14  0.02     7
 976  0.394  0.535  28090  9.0e+13   440  0.9   146  0.62  0.01     5
 977  0.454  0.344  43436  5.4e+13   374  0.7   179  0.20  0.01    18
 978  0.610  0.443  35040  2.6e+13   291  0.6   321  0.62  0.01    10
 979  0.579  0.491  22471  1.3e+13   228  0.5   112  0.91  0.02    13
 980  0.227  0.312  44436  1.1e+12   100  0.2    95  1.24  0.02     6
 981  0.425  0.790  23676  1.3e+13   227  0.5    61  1.03  0.02    10
 982  0.545  0.432  32194  4.1e+13   339  0.7    86  0.80  0.01    15
 983  0.962  0.203  39475  9.1e+12   204  0.4   207  0.82  0.02     8
 984  0.015  0.401  41844  1.6e+13   249  0.5   244  0.71  0.02    12
 985  0.507  0.284  15469  3.0e+12   139  0.3    37  1.34  0.02     6
 986  0.480  0.246  41318  3.5e+13   323  0.6   217  0.55  0.01    22
 987  0.459  0.175  30363  3.6e+14   697  1.4   197  0.43  0.01     2
 988  0.529  0.403  21167  2.5e+13   286  0.6    71  0.91  0.01    13
 989  0.838  0.279  25847  1.6e+14   528  1.1   111  0.61  0.01     0
 990  0.054  0.597  34779  5.3e+12   170  0.3   150  0.95  0.02     8
 991  0.775  0.016  42732  8.5e+13   434  0.8   147  0.26  0.01    26
 992  0.561  0.354  22986  3.8e+13   329  0.7    91  0.34  0.01    23
 993  0.314  0.721  31112  4.5e+13   347  0.7   108  0.33  0.01    26
 994  0.946  0.170  39502  8.8e+13   439  0.9   163  0.59  0.01    15
 995  0.545  0.620  41187  9.6e+13   451  0.9   164  0.24  0.01    18
 996  0.055  1.005  34347  8.3e+13   428  0.8    61  0.57  0.01    16
 997  0.665  0.775  24457  1.3e+14   499  1.0    48  0.77  0.01    14
 998  0.858  0.136  38549     -1      -1   -1   111    -1    -1    -1
 999  0.481  0.373  39711  2.4e+14   618  1.2   241  0.14  0.01    31
1000  1.044  0.472  12131  7.6e+13   412  0.8    29  0.44  0.01    25
