Halo  RA  Dec  Vres  M200  sigma200  r200  Ngal   Merr_stat  Merr_syst  N200
   1  1.02696  0.45934   1591   2.8e+14   626   1.3   94   0.08   0.01    94
   2  1.49545  0.46364   6257   2.9e+14   637   1.4   68   0.09   0.01    68
   3  0.87112  0.03226   6799   8.3e+13   417   0.9   19   0.26   0.01    19
   4  0.02832  1.42581   3464   1.3e+14   479   1.0   37   0.14   0.01    37
   5  1.18591  0.62882   7198   1.3e+14   491   1.0   29   0.16   0.01    29
   6  1.21321  0.59698   7746   2.5e+14   608   1.3   49   0.11   0.01    49
   7  0.17306  1.28626   4567   9.8e+13   441   0.9   35   0.14   0.01    35
   8  1.05137  0.39314   2758   9.0e+13   429   0.9   26   0.15   0.01    26
   9  0.93577  1.10425   2175   3.6e+13   313   0.7   16   0.24   0.01    16
  10  0.74471  0.16600   4694   1.8e+14   540   1.2   19   0.20   0.01    19
  11  0.92070  0.53292   6881   8.0e+13   413   0.9   27   0.16   0.01    27
  12  1.23033  0.09122   1351   3.1e+13   298   0.6   23   0.20   0.01    23
  13  0.82896  0.57248   7198   5.1e+13   355   0.8   17   0.20   0.01    17
  14  0.84262  0.00017   7570   7.2e+12   183   0.4   17   0.40   0.02    17
  15  0.68688  1.04442   6890   1.1e+14   459   1.0   18   0.24   0.01    18
  16  1.22891  0.58045   6563   1.0e+13   207   0.4   13   0.35   0.02    13
  17  0.82864  0.06627   6285   6.3e+13   379   0.8   17   0.20   0.01    17
  18  0.33735  1.04978   6469   4.8e+13   348   0.7   17   0.19   0.01    17
  19  1.21489  0.37438   2994   5.0e+13   351   0.8   14   0.18   0.01    14
  20  0.97553  0.54085   3200   2.5e+13   278   0.6   12   0.19   0.01    12
  21  1.08823  0.65047   7176   1.9e+13   255   0.5   14   0.20   0.01    14
  22  1.03779  0.63724   7101   9.1e+13   431   0.9   16   0.25   0.01    16
  23  0.84821  0.23775   5932   5.6e+13   366   0.8   11   0.20   0.01    11
  24  1.55603  0.01078  49234   3.1e+14   663   1.3   91   0.12   0.01    91
  25  1.54433  0.06562  49668   3.3e+13   314   0.6   10   0.20   0.01    10
  26  1.39385  0.34635   3711   1.8e+14   536   1.2   25   0.16   0.01    25
  27  0.92922  0.35333  10863   1.1e+14   462   1.0   58   0.11   0.01    58
  28  1.12880  0.02817  10251   9.6e+13   439   0.9   34   0.15   0.01    34
  29  1.44627  0.50953   8008   1.0e+14   444   1.0   19   0.27   0.01    19
  30  1.11110  0.10411   9786   2.0e+13   260   0.6   21   0.23   0.01    21
  31  1.33575  0.40549  11284   2.7e+13   286   0.6   16   0.24   0.01    16
  32  1.15962  0.55616  11125   2.6e+13   282   0.6   10   0.20   0.01    10
  33  1.54227  0.26400   6917   1.4e+14   500   1.1   15   0.18   0.01    15
  34  1.48080  0.27810   7531   2.1e+13   265   0.6   11   0.20   0.01    11
  35  1.44950  0.29097   7520   2.9e+13   293   0.6   11   0.20   0.01    11
  36  1.10800  0.14748  11750   8.8e+13   427   0.9   15   0.18   0.01    15
  37  1.13057  0.33784  13579   3.1e+13   301   0.6   12   0.21   0.01    12
  38  0.95431  0.18952  10577   3.7e+13   319   0.7   10   0.21   0.01    10
  39  0.59832  0.02134  12601   1.7e+14   536   1.1   23   0.15   0.01    23
  40  0.83528  0.40876  15095   5.3e+13   359   0.8   32   0.19   0.01    32
  41  0.55183  0.19374  12533   4.1e+13   329   0.7   26   0.16   0.01    26
  42  0.87972  0.11552  14949   3.2e+13   305   0.6   26   0.13   0.01    26
  43  0.79523  0.44785  14384   4.5e+13   341   0.7   18   0.17   0.01    18
  44  0.66019  0.34466  12246   3.1e+13   299   0.6   12   0.26   0.01    12
  45  0.57440  0.16055  12922   8.5e+12   195   0.4   14   0.21   0.02    14
  46  0.60239  0.08146  13652   3.6e+13   316   0.7   13   0.19   0.01    13
  47  0.71616  0.39376  16220   7.9e+13   413   0.9   13   0.19   0.01    13
  48  0.58830  0.11965  12964   2.1e+13   263   0.6   13   0.19   0.01    13
  49  0.35493  0.10800  13204   1.3e+14   486   1.0   44   0.15   0.01    44
  50  0.37979  0.11500  12965   5.3e+13   360   0.8   19   0.27   0.01    19
  51  0.40984  0.54431  11662   9.6e+13   439   0.9   17   0.20   0.01    17
  52  0.33698  0.30858  12224   2.1e+13   265   0.6   28   0.22   0.01    28
  53  0.03354  0.71918   8799   8.3e+13   418   0.9   20   0.16   0.01    20
  54  0.02484  0.74865   8682   6.5e+13   384   0.8   10   0.21   0.01    10
  55  0.05386  0.46364  13868   2.8e+13   291   0.6   15   0.21   0.01    15
  56  0.53958  0.70978  13525   5.7e+13   369   0.8   30   0.32   0.01    30
  57  0.27583  0.72206  11420   1.2e+14   476   1.0   31   0.12   0.01    31
  58  0.48652  0.69810  14619   1.1e+14   456   1.0   19   0.21   0.01    19
  59  0.54476  0.68284  13868   6.0e+13   376   0.8   16   0.24   0.01    16
  60  0.52869  0.68007  14033   1.4e+14   503   1.1   13   0.19   0.01    13
  61  0.58451  0.76755  13812   5.4e+13   363   0.8   11   0.20   0.01    11
  62  0.55683  0.75235  13906   2.3e+13   273   0.6   10   0.21   0.01    10
  63  0.23159  0.86882  11611   7.6e+12   187   0.4   10   0.21   0.02    10
  64  0.12097  0.75849   9206   3.5e+13   314   0.7   10   0.21   0.01    10
  65  0.41419  0.72759  15833   8.7e+13   426   0.9   18   0.22   0.01    18
  66  0.25534  0.72553  17183   1.1e+14   463   1.0   14   0.18   0.01    14
  67  0.22855  0.81711  14869   5.0e+13   353   0.7   13   0.21   0.01    13
  68  0.26888  0.67452  16608   1.6e+13   244   0.5   13   0.19   0.02    13
  69  0.82461  0.55282  15224   3.5e+14   678   1.4   62   0.13   0.01    62
  70  0.86845  0.61241  14969   2.0e+14   565   1.2   40   0.14   0.01    40
  71  0.85199  0.59962  14854   1.2e+14   471   1.0   17   0.18   0.01    17
  72  0.83776  0.62355  15589   1.3e+14   491   1.0   25   0.19   0.01    25
  73  0.94542  0.73802  15432   9.2e+13   433   0.9   21   0.19   0.01    21
  74  0.65139  0.54447  18336   4.1e+13   330   0.7   15   0.18   0.01    15
  75  0.81783  0.51557  15660   9.0e+13   431   0.9   15   0.19   0.01    15
  76  0.74591  0.51427  16866   7.7e+13   409   0.9   15   0.18   0.01    15
  77  0.68712  0.65930  15267   8.4e+13   421   0.9   18   0.17   0.01    18
  78  0.60204  0.56789  17026   4.4e+13   338   0.7   18   0.19   0.01    18
  79  0.59918  0.56888  13772   8.9e+13   429   0.9   20   0.13   0.01    20
  80  0.67991  0.68409  15586   2.9e+13   294   0.6   11   0.21   0.01    11
  81  0.66899  0.55474  16967   2.9e+13   294   0.6   11   0.22   0.01    11
  82  0.75586  0.52887  16608   7.1e+12   183   0.4   10   0.21   0.02    10
  83  0.91765  0.69434  16049   3.1e+12   140   0.3   10   0.31   0.02    10
  84  0.77189  0.54559  17009   2.3e+13   271   0.6   11   0.20   0.01    11
  85  0.75230  0.52282  17732   4.7e+13   347   0.7   10   0.22   0.01    10
  86  0.62655  0.65428  16612   9.8e+12   204   0.4   10   0.28   0.02    10
  87  0.95133  0.73047  14682   5.7e+13   368   0.8   17   0.20   0.01    17
  88  0.95222  0.85614  16204   6.9e+13   394   0.8   17   0.25   0.01    17
  89  0.79246  0.70998  16338   1.5e+14   515   1.1   14   0.18   0.01    14
  90  1.56191  0.79696  12497   3.8e+14   695   1.5   82   0.09   0.01    82
  91  1.51481  0.80318  12503   1.6e+14   525   1.1   39   0.14   0.01    39
  92  0.89495  0.88676  14247   3.1e+14   652   1.4   75   0.11   0.01    75
  93  0.98703  0.73501  14228   2.4e+14   598   1.3   37   0.16   0.01    37
  94  1.01654  0.86738  16364   1.6e+14   528   1.1   39   0.14   0.01    39
  95  1.54709  0.90134  11384   2.1e+14   573   1.2   44   0.12   0.01    44
  96  0.95798  0.73909  13669   3.7e+13   319   0.7   12   0.21   0.01    12
  97  0.97686  0.73817  13847   5.7e+12   170   0.4   10   0.20   0.02    10
  98  1.50599  0.79417  12936   4.1e+13   330   0.7   13   0.18   0.01    13
  99  0.91207  0.87856  14340   3.2e+13   303   0.6   13   0.19   0.01    13
 100  1.23354  0.70576  12798   3.8e+13   323   0.7   10   0.20   0.01    10
 101  1.26635  0.71399  12613   4.8e+13   349   0.7   10   0.20   0.01    10
 102  1.31168  0.85458  12451   5.9e+13   374   0.8   12   0.20   0.01    12
 103  1.25662  0.64652  13412   1.6e+13   243   0.5   10   0.20   0.02    10
 104  1.14436  0.94564  12203   1.8e+13   252   0.5   13   0.18   0.02    13
 105  1.19044  0.95578  12399   6.5e+14   834   1.8  110   0.08   0.01   110
 106  1.43829  1.06180  13720   4.4e+14   734   1.6   83   0.10   0.01    83
 107  1.50302  1.07794  13561   2.7e+13   288   0.6   11   0.20   0.01    11
 108  1.32749  0.98855  13034   5.4e+12   167   0.4   14   0.18   0.02    14
 109  1.28006  1.04844  14381   3.5e+13   314   0.7   14   0.18   0.01    14
 110  1.55065  0.70741  14794   7.2e+13   399   0.8   20   0.18   0.01    20
 111  1.38451  0.69310  13425   1.8e+13   251   0.5   16   0.22   0.02    16
 112  1.52737  0.72339  14241   3.4e+13   309   0.7   21   0.19   0.01    21
 113  1.40765  0.69809  13440   4.0e+12   151   0.3   11   0.35   0.02    11
 114  1.27283  0.96802  12747   2.4e+13   278   0.6   10   0.20   0.01    10
 115  1.41616  1.02208  13806   5.0e+13   354   0.8   12   0.19   0.01    12
 116  1.54517  0.78893  14861   6.9e+13   394   0.8   15   0.18   0.01    15
 117  1.57018  0.67356  14709   1.7e+13   244   0.5   10   0.23   0.02    10
 118  1.39709  0.74568  15294   7.0e+12   182   0.4   10   0.32   0.02    10
 119  0.59995  1.03415  11529   4.6e+13   344   0.7   25   0.23   0.01    25
 120  1.08347  0.91134   8818   1.3e+14   485   1.0   22   0.21   0.01    22
 121  1.08183  0.90354   8601   7.9e+13   411   0.9   14   0.18   0.01    14
 122  0.59463  0.93275  12254   5.7e+13   369   0.8   23   0.22   0.01    23
 123  0.67961  0.96609  12353   3.7e+13   319   0.7   16   0.32   0.01    16
 124  1.21015  1.02988  12019   9.2e+13   434   0.9   24   0.16   0.01    24
 125  0.56371  0.89616  11236   3.2e+13   305   0.7   11   0.20   0.01    11
 126  1.33624  1.09049   7631   6.8e+13   390   0.8   16   0.15   0.01    16
 127  1.01925  1.14743  10421   2.8e+13   291   0.6   10   0.21   0.01    10
 128  0.36495  1.37932  11884   1.7e+14   532   1.1   38   0.12   0.01    38
 129  0.75120  1.37581  11858   1.4e+14   497   1.1   31   0.16   0.01    31
 130  0.23191  1.00188  10832   4.8e+13   347   0.7   17   0.16   0.01    17
 131  0.08070  0.97050   9500   1.4e+14   501   1.1   16   0.21   0.01    16
 132  0.47572  1.32983  11695   5.7e+13   369   0.8   22   0.14   0.01    22
 133  0.49284  0.87030   9521   3.2e+13   305   0.7   15   0.20   0.01    15
 134  0.73722  1.46357  10512   4.3e+13   334   0.7   10   0.21   0.01    10
 135  0.83641  1.12881   8976   1.1e+13   214   0.5   10   0.22   0.02    10
 136  0.05046  0.85379   8921   3.6e+13   317   0.7   10   0.21   0.01    10
 137  0.34341  1.34812  11175   4.9e+13   351   0.7   12   0.21   0.01    12
 138  0.22124  1.02535  10789   2.2e+13   267   0.6   10   0.21   0.01    10
 139  1.56406  1.27675   8643   1.3e+13   223   0.5   12   0.20   0.02    12
 140  0.11538  1.02539  10600   5.9e+12   172   0.4   11   0.20   0.02    11
 141  0.08998  1.40959  12475   7.0e+13   395   0.8   20   0.19   0.01    20
 142  1.55919  1.35891  18657   6.1e+13   378   0.8   22   0.36   0.01    22
 143  0.53460  1.18150  14535   6.9e+13   394   0.8   22   0.13   0.01    22
 144  0.63021  1.09411  15659   4.6e+13   345   0.7   13   0.19   0.01    13
 145  0.47499  1.48098  12806   1.0e+14   452   1.0   16   0.23   0.01    16
 146  0.48986  1.10962  15084   2.0e+13   258   0.5   14   0.18   0.01    14
 147  0.19156  1.13017  14931   5.7e+12   171   0.4   10   0.21   0.02    10
 148  0.56649  1.10596  15197   1.5e+13   237   0.5   11   0.20   0.02    11
 149  0.12035  1.23956  19545   4.9e+14   765   1.6  140   0.08   0.01   140
 150  0.10987  1.26319  19468   2.1e+13   267   0.6   14   0.18   0.01    14
 151  0.05438  1.34460  19608   5.2e+14   777   1.6  118   0.07   0.01   118
 152  1.00926  1.52291  17021   6.2e+13   381   0.8   14   0.18   0.01    14
 153  0.31523  1.25692  18349   3.0e+13   299   0.6   16   0.17   0.01    16
 154  0.29059  1.26392  17327   1.7e+14   535   1.1   24   0.13   0.01    24
 155  0.13261  1.31170  17212   1.1e+14   457   1.0   18   0.22   0.01    18
 156  0.18912  1.45845  18946   4.5e+13   343   0.7   17   0.22   0.01    17
 157  0.20619  1.30794  17088   4.4e+13   338   0.7   15   0.18   0.01    15
 158  0.31911  1.26484  16960   1.0e+13   207   0.4   12   0.21   0.02    12
 159  1.44111  1.40116  17983   3.4e+13   311   0.7   10   0.20   0.01    10
 160  0.17668  1.49829  19455   1.1e+14   468   1.0   47   0.14   0.01    47
 161  0.28260  1.31383  22226   6.9e+13   394   0.8   33   0.16   0.01    33
 162  0.35615  1.37583  23955   4.0e+13   329   0.7   27   0.20   0.01    27
 163  1.30028  1.32060  24637   8.1e+13   418   0.9   17   0.25   0.01    17
 164  0.82923  1.47952  25249   7.1e+13   400   0.8   23   0.24   0.01    23
 165  0.38508  1.29990  22425   4.2e+13   333   0.7   17   0.18   0.01    17
 166  0.78809  1.40402  23439   5.1e+13   358   0.7   14   0.18   0.01    14
 167  0.36301  1.35264  24126   9.2e+13   435   0.9   11   0.20   0.01    11
 168  0.76665  1.20720  22159   1.1e+13   210   0.4   10   0.20   0.02    10
 169  0.82436  1.41970  24076   5.8e+13   374   0.8   10   0.22   0.01    10
 170  1.25365  1.37303  24209   1.5e+14   512   1.1   30   0.13   0.01    30
 171  1.14535  1.39373  23735   1.6e+13   240   0.5   10   0.21   0.02    10
 172  1.28632  1.32492  25025   9.5e+13   440   0.9   21   0.20   0.01    21
 173  1.05589  1.40098  23824   3.9e+13   327   0.7   10   0.21   0.01    10
 174  1.54695  1.33351  23997   1.2e+13   220   0.5   10   0.21   0.02    10
 175  1.29367  1.35270  24824   3.5e+13   315   0.7   10   0.24   0.01    10
 176  1.16401  1.26095  26168   9.1e+13   435   0.9   25   0.16   0.01    25
 177  1.08949  1.27343  25917   4.5e+13   344   0.7   11   0.20   0.01    11
 178  1.35469  1.25719  24351   1.8e+14   547   1.1   59   0.11   0.01    59
 179  1.17769  1.27359  25817   1.5e+14   518   1.1   45   0.12   0.01    45
 180  1.04691  1.00742  22727   1.4e+14   496   1.0   40   0.13   0.01    40
 181  1.07542  1.01826  22794   2.3e+13   273   0.6   13   0.19   0.01    13
 182  1.56759  1.19935  23657   6.3e+13   383   0.8   20   0.23   0.01    20
 183  1.03769  1.01433  23529   1.0e+14   454   0.9   36   0.13   0.01    36
 184  1.02458  1.04344  22335   6.8e+13   392   0.8   13   0.20   0.01    13
 185  1.25639  1.27188  24982   4.3e+13   337   0.7   26   0.13   0.01    26
 186  0.93891  1.19793  26857   3.4e+13   313   0.7   20   0.16   0.01    20
 187  1.27177  1.23860  25873   1.4e+13   230   0.5   11   0.20   0.02    11
 188  1.14488  1.05192  22046   2.4e+13   275   0.6   10   0.24   0.01    10
 189  1.21877  1.25534  26600   3.3e+14   668   1.4  145   0.07   0.01   145
 190  1.21644  1.24465  27210   2.3e+14   594   1.2   59   0.11   0.01    59
 191  1.34043  1.25067  24668   5.5e+13   367   0.8   15   0.19   0.01    15
 192  1.20990  1.25564  24862   1.1e+14   457   1.0   11   0.17   0.01    11
 193  1.26483  1.01701  23835   4.3e+13   337   0.7   10   0.21   0.01    10
 194  1.22602  1.26397  25101   2.5e+13   281   0.6   16   0.19   0.01    16
 195  1.41197  1.14941  22663   3.0e+13   299   0.6   10   0.22   0.01    10
 196  0.99630  1.06846  22603   6.3e+13   383   0.8   11   0.20   0.01    11
 197  1.13857  1.03938  22838   3.3e+13   307   0.6   10   0.21   0.01    10
 198  1.18252  1.26281  25934   2.9e+13   294   0.6   10   0.21   0.01    10
 199  1.16824  1.04326  26405   7.0e+13   399   0.8   16   0.20   0.01    16
 200  1.09121  0.99502  22798   1.0e+13   207   0.4   11   0.20   0.02    11
 201  1.31950  1.08594  22083   2.1e+13   267   0.6   10   0.20   0.01    10
 202  1.33315  1.19272  26991   5.5e+12   169   0.4   10   0.21   0.02    10
 203  1.04850  0.92546  20142   3.3e+14   671   1.4  109   0.09   0.01   109
 204  1.04238  0.93900  20412   2.8e+13   290   0.6   14   0.18   0.01    14
 205  1.04165  0.90984  19876   1.1e+14   464   1.0   34   0.15   0.01    34
 206  1.06737  0.89480  19213   6.1e+14   822   1.7  177   0.07   0.01   177
 207  1.30127  0.95032  18361   5.9e+13   373   0.8   23   0.15   0.01    23
 208  1.13090  0.91522  18755   8.6e+13   425   0.9   23   0.16   0.01    23
 209  1.10497  0.90529  19125   9.9e+13   445   0.9   23   0.15   0.01    23
 210  1.55851  1.11433  19866   3.9e+13   326   0.7   18   0.24   0.01    18
 211  1.01399  0.97029  19677   3.8e+13   322   0.7   12   0.19   0.01    12
 212  1.06854  1.06740  18091   6.9e+13   394   0.8   13   0.19   0.01    13
 213  1.34824  0.95025  18384   2.2e+13   268   0.6   16   0.29   0.01    16
 214  1.33349  1.04817  16222   5.3e+12   167   0.4   11   0.27   0.02    11
 215  1.09761  0.78439  19453   2.2e+14   586   1.2   48   0.13   0.01    48
 216  1.18708  0.92637  18707   4.9e+13   352   0.7   11   0.22   0.01    11
 217  1.16487  0.94173  19113   5.2e+13   360   0.8   11   0.20   0.01    11
 218  1.00456  0.93137  21376   4.0e+14   715   1.5  139   0.08   0.01   139
 219  0.86694  0.93397  22660   3.6e+14   686   1.4   67   0.09   0.01    67
 220  0.88624  0.93314  22712   1.9e+13   258   0.5   19   0.15   0.01    19
 221  0.97751  0.84978  20952   1.6e+14   523   1.1   42   0.14   0.01    42
 222  0.82478  0.97235  22574   2.0e+14   561   1.2   42   0.12   0.01    42
 223  0.84614  0.97369  22725   9.7e+13   443   0.9   19   0.25   0.01    19
 224  0.93429  0.86710  18522   2.3e+13   273   0.6   16   0.28   0.01    16
 225  0.91270  0.86115  18053   6.5e+13   387   0.8   15   0.17   0.01    15
 226  0.92106  0.90336  21554   7.8e+13   412   0.9   26   0.25   0.01    26
 227  1.01109  0.87279  19300   2.0e+13   258   0.5   15   0.19   0.01    15
 228  0.92448  0.74096  20524   1.0e+14   454   1.0   14   0.18   0.01    14
 229  0.99643  0.96788  21808   7.1e+13   399   0.8   12   0.19   0.01    12
 230  0.89987  0.77701  18272   3.1e+12   139   0.3   14   0.24   0.02    14
 231  0.88438  0.97713  22374   1.3e+13   228   0.5   11   0.20   0.02    11
 232  0.51042  0.83891  20361   1.9e+14   557   1.2   36   0.14   0.01    36
 233  0.60821  0.86277  20521   4.6e+13   346   0.7   18   0.15   0.01    18
 234  0.81565  0.84972  23557   1.0e+14   454   0.9   19   0.18   0.01    19
 235  0.84903  0.80697  23749   1.1e+14   458   1.0   18   0.21   0.01    18
 236  0.76000  0.96930  22374   1.1e+13   216   0.5   14   0.22   0.02    14
 237  0.51677  0.87723  20460   2.6e+13   283   0.6   10   0.23   0.01    10
 238  0.70167  0.89107  21080   9.1e+12   200   0.4   10   0.34   0.02    10
 239  0.77342  0.94849  21810   1.5e+13   237   0.5   12   0.20   0.02    12
 240  0.78523  0.94321  24375   1.7e+14   538   1.1   80   0.11   0.01    80
 241  0.87832  1.02800  25513   1.5e+14   517   1.1   41   0.13   0.01    41
 242  0.96652  0.99412  24886   3.8e+13   323   0.7   21   0.25   0.01    21
 243  0.86916  1.03658  25954   3.8e+12   149   0.3   12   0.31   0.02    12
 244  0.78133  0.95248  23679   1.0e+13   210   0.4   13   0.18   0.02    13
 245  0.94655  0.99865  24790   1.3e+14   489   1.0   16   0.16   0.01    16
 246  0.94589  1.01032  25116   8.3e+12   194   0.4   10   0.28   0.02    10
 247  0.88245  1.01380  29005   1.6e+13   243   0.5   17   0.20   0.02    17
 248  0.95120  1.08141  27867   1.3e+12   104   0.2   10   0.48   0.02    10
 249  0.80216  0.92276  25650   3.4e+13   312   0.7   10   0.20   0.01    10
 250  0.88821  1.03543  25866   2.4e+13   279   0.6   10   0.21   0.01    10
 251  0.82903  0.97861  24598   4.1e+12   153   0.3   11   0.24   0.02    11
 252  0.91016  1.09755  27245   1.7e+13   249   0.5   10   0.21   0.02    10
 253  0.97925  1.04805  26780   1.6e+13   243   0.5   11   0.20   0.02    11
 254  0.80734  1.04988  24624   1.7e+14   538   1.1   36   0.13   0.01    36
 255  0.90039  1.05518  22134   1.2e+14   479   1.0   49   0.11   0.01    49
 256  0.96025  0.98978  25185   1.2e+14   477   1.0   15   0.17   0.01    15
 257  0.78122  0.99867  24283   5.3e+13   362   0.8   10   0.21   0.01    10
 258  0.76889  1.05715  25522   4.1e+13   331   0.7   12   0.19   0.01    12
 259  0.51995  1.05141  28758   4.4e+13   341   0.7   15   0.19   0.01    15
 260  0.46619  1.04052  25882   8.7e+13   428   0.9   22   0.14   0.01    22
 261  0.40892  1.26223  25045   6.9e+13   395   0.8   28   0.20   0.01    28
 262  0.43026  1.07072  27420   1.0e+14   455   0.9   24   0.19   0.01    24
 263  0.52701  1.01674  22659   3.7e+13   320   0.7   17   0.18   0.01    17
 264  0.29517  1.06748  23544   5.0e+13   355   0.7   20   0.14   0.01    20
 265  0.29022  0.99420  24096   5.3e+13   361   0.8   11   0.19   0.01    11
 266  0.30274  1.08426  25451   4.8e+13   351   0.7   16   0.16   0.01    16
 267  0.27401  1.07026  23641   2.5e+13   281   0.6   15   0.17   0.01    15
 268  0.41768  1.17558  24325   2.8e+13   293   0.6   13   0.22   0.01    13
 269  0.39172  1.09771  27533   1.9e+13   258   0.5   11   0.20   0.01    11
 270  0.19229  1.13945  22697   2.6e+14   620   1.3   68   0.10   0.01    68
 271  0.13016  1.14704  22717   3.0e+13   297   0.6   12   0.19   0.01    12
 272  0.38313  1.17853  22674   1.7e+14   536   1.1   55   0.11   0.01    55
 273  0.27839  1.26985  25561   1.1e+14   466   1.0   26   0.15   0.01    26
 274  0.44471  1.19089  22393   3.6e+13   318   0.7   14   0.20   0.01    14
 275  0.10530  1.24045  19553   5.9e+13   374   0.8   20   0.24   0.01    20
 276  0.14440  1.25278  23755   2.0e+12   119   0.3   11   0.24   0.02    11
 277  0.47280  0.98010  22519   1.4e+14   507   1.1   19   0.18   0.01    19
 278  0.02009  1.18995  18982   8.1e+13   417   0.9   43   0.14   0.01    43
 279  0.31233  1.13648  19888   7.7e+13   410   0.9   17   0.20   0.01    17
 280  0.04946  1.15137  18887   2.7e+13   288   0.6   24   0.14   0.01    24
 281  0.42901  1.05050  19964   2.2e+13   269   0.6   11   0.20   0.01    11
 282  0.23331  1.01344  18391   7.2e+13   401   0.8   14   0.18   0.01    14
 283  0.24338  1.15177  18904   4.7e+13   347   0.7   11   0.20   0.01    11
 284  0.31668  1.12195  19689   3.3e+13   307   0.6   11   0.20   0.01    11
 285  0.13518  0.95717  19686   5.9e+12   172   0.4   10   0.30   0.02    10
 286  0.09480  1.15960  19002   8.2e+12   193   0.4   10   0.20   0.02    10
 287  0.32411  0.94211  22637   4.3e+13   336   0.7   14   0.22   0.01    14
 288  0.37858  1.02967  20315   7.3e+13   403   0.8   16   0.26   0.01    16
 289  0.22734  1.01122  18085   1.2e+13   216   0.5   10   0.20   0.02    10
 290  0.21929  0.98784  17298   5.3e+13   360   0.8   19   0.19   0.01    19
 291  0.44747  0.99812  22096   4.0e+13   330   0.7   13   0.19   0.01    13
 292  0.29297  1.03923  16965   4.6e+13   343   0.7   14   0.18   0.01    14
 293  0.06624  0.92743  19238   2.2e+13   269   0.6   11   0.20   0.01    11
 294  0.46448  0.85607  20176   4.1e+13   332   0.7   10   0.20   0.01    10
 295  0.52195  1.04578  21724   1.6e+13   242   0.5   10   0.22   0.02    10
 296  0.04113  0.71481  19966   2.2e+14   581   1.2   26   0.16   0.01    26
 297  0.08794  0.68716  24634   8.3e+13   421   0.9   25   0.13   0.01    25
 298  0.08813  0.72782  20816   3.2e+13   306   0.6   19   0.26   0.01    19
 299  0.08014  0.77525  21411   4.8e+13   349   0.7   14   0.19   0.01    14
 300  0.05878  0.84321  19898   1.7e+13   247   0.5   17   0.24   0.02    17
 301  0.02327  0.80652  19624   1.6e+13   243   0.5   10   0.21   0.02    10
 302  0.28546  0.60994  21853   2.8e+13   293   0.6   12   0.20   0.01    12
 303  0.05775  0.92082  23824   3.0e+14   650   1.4   76   0.11   0.01    76
 304  0.08191  0.91333  22448   1.0e+14   448   0.9   19   0.16   0.01    19
 305  0.02681  0.72813  24874   6.0e+13   377   0.8   19   0.21   0.01    19
 306  0.19264  0.75005  25145   3.1e+13   303   0.6   14   0.19   0.01    14
 307  0.17246  0.78765  22530   1.4e+13   232   0.5   12   0.19   0.02    12
 308  0.32536  0.69062  26001   5.9e+13   375   0.8   11   0.19   0.01    11
 309  0.27657  0.80963  26014   6.0e+13   379   0.8   14   0.20   0.01    14
 310  0.10600  0.93833  23643   6.6e+13   390   0.8   27   0.20   0.01    27
 311  0.06675  0.92222  30687   7.6e+13   410   0.8   17   0.24   0.01    17
 312  0.04586  0.89256  29400   1.1e+14   470   1.0   35   0.15   0.01    35
 313  0.17443  0.96717  23686   4.4e+13   339   0.7   18   0.19   0.01    18
 314  0.17764  0.94014  23905   7.2e+13   401   0.8   15   0.18   0.01    15
 315  0.02424  0.85690  27398   2.2e+13   268   0.6   16   0.33   0.01    16
 316  0.16985  0.92258  24616   3.5e+13   314   0.7   14   0.19   0.01    14
 317  0.02198  0.92223  23683   1.0e+14   453   0.9   23   0.17   0.01    23
 318  0.07384  0.92978  29347   4.7e+13   348   0.7   21   0.23   0.01    21
 319  0.02063  0.87196  27935   6.5e+13   388   0.8   10   0.21   0.01    10
 320  0.12691  0.92354  28724   1.7e+13   249   0.5   17   0.18   0.02    17
 321  0.12968  0.99926  24935   4.1e+13   333   0.7   16   0.24   0.01    16
 322  0.08202  0.89492  24405   4.6e+13   344   0.7   12   0.20   0.01    12
 323  0.08284  0.92012  28930   9.2e+13   437   0.9   14   0.18   0.01    14
 324  0.16201  0.93176  29337   2.3e+13   276   0.6   11   0.22   0.01    11
 325  0.00947  0.96272  27637   6.6e+11    83   0.2   10   0.39   0.03    10
 326  0.12413  0.92344  29507   3.7e+13   323   0.7   11   0.20   0.01    11
 327  0.39723  1.01780  28337   2.1e+14   578   1.2   94   0.09   0.01    94
 328  0.26367  0.87936  29860   2.1e+14   575   1.2   45   0.10   0.01    45
 329  0.28128  0.98103  29219   2.5e+14   611   1.3   44   0.11   0.01    44
 330  0.26617  0.97301  29446   1.0e+14   451   0.9   16   0.25   0.01    16
 331  0.22974  0.95797  29520   7.4e+13   405   0.8   17   0.18   0.01    17
 332  0.26466  0.96366  29811   1.8e+14   550   1.1   54   0.09   0.01    54
 333  0.23609  0.99727  27969   1.0e+14   455   0.9   29   0.15   0.01    29
 334  0.27985  1.00607  27861   8.6e+13   427   0.9   33   0.18   0.01    33
 335  0.36561  0.95473  25686   2.0e+14   563   1.2   30   0.15   0.01    30
 336  0.27687  0.97061  24069   8.2e+13   420   0.9   25   0.17   0.01    25
 337  0.42502  0.99203  27324   3.6e+13   319   0.7   18   0.19   0.01    18
 338  0.33299  0.98857  25792   3.1e+13   303   0.6   30   0.20   0.01    30
 339  0.39087  0.97243  27865   4.6e+13   347   0.7   28   0.14   0.01    28
 340  0.24864  0.92963  30182   8.0e+13   417   0.9   13   0.19   0.01    13
 341  0.39339  1.02069  26792   6.2e+13   382   0.8   21   0.21   0.01    21
 342  0.35889  0.94840  28438   3.2e+13   306   0.6   11   0.19   0.01    11
 343  0.31418  0.96462  23777   5.4e+13   365   0.8   18   0.16   0.01    18
 344  0.39322  0.96320  27915   3.6e+13   319   0.7   12   0.20   0.01    12
 345  0.40792  0.98498  27385   2.1e+13   266   0.6   10   0.21   0.01    10
 346  0.30734  0.89659  26823   4.6e+12   160   0.3   11   0.24   0.02    11
 347  0.22099  0.84649  25752   4.6e+13   345   0.7   15   0.19   0.01    15
 348  0.33763  1.00004  28095   9.2e+13   436   0.9   11   0.20   0.01    11
 349  0.34174  0.95820  25173   5.9e+13   375   0.8   16   0.22   0.01    16
 350  0.26969  0.99304  25021   1.3e+13   224   0.5   12   0.19   0.02    12
 351  0.20674  0.92880  28726   1.6e+13   245   0.5   11   0.19   0.02    11
 352  0.53328  0.78685  27860   2.5e+14   613   1.3   52   0.13   0.01    52
 353  0.66554  0.85026  25905   1.6e+14   529   1.1   33   0.12   0.01    33
 354  0.42758  0.96875  27780   1.2e+14   481   1.0   32   0.21   0.01    32
 355  0.60576  0.86696  31562   8.4e+13   424   0.9   27   0.14   0.01    27
 356  0.46813  0.80039  28762   8.3e+13   421   0.9   27   0.16   0.01    27
 357  0.64172  0.91672  26273   8.5e+13   425   0.9   28   0.14   0.01    28
 358  0.44923  0.96158  26503   2.8e+13   294   0.6   15   0.18   0.01    15
 359  0.48525  0.79535  29982   2.7e+13   289   0.6   20   0.23   0.01    20
 360  0.47474  0.81144  27469   1.0e+14   448   0.9   25   0.17   0.01    25
 361  0.59430  0.89004  27713   4.0e+13   330   0.7   34   0.15   0.01    34
 362  0.48956  0.81434  28664   1.8e+13   253   0.5   12   0.20   0.02    12
 363  0.44597  0.88238  27560   7.9e+13   416   0.9   11   0.20   0.01    11
 364  0.46452  0.77898  28892   4.5e+13   343   0.7   17   0.18   0.01    17
 365  0.51069  0.83419  28255   5.7e+13   372   0.8   13   0.19   0.01    13
 366  0.45439  0.83500  27756   1.9e+13   255   0.5   11   0.20   0.01    11
 367  0.59682  0.84977  32869   2.6e+13   285   0.6   14   0.18   0.01    14
 368  0.48198  0.78131  28938   1.9e+13   256   0.5   11   0.20   0.01    11
 369  0.42586  0.78349  28129   3.7e+13   322   0.7   15   0.17   0.01    15
 370  0.59449  0.82024  25850   1.7e+13   247   0.5   10   0.20   0.02    10
 371  0.75931  0.60360  22177   9.7e+13   443   0.9   39   0.16   0.01    39
 372  0.45673  0.67249  27355   1.2e+14   483   1.0   39   0.12   0.01    39
 373  0.48728  0.66598  26170   1.1e+14   456   1.0   46   0.14   0.01    46
 374  0.52687  0.52541  25023   5.9e+13   376   0.8   21   0.16   0.01    21
 375  0.52223  0.68691  21748   3.9e+13   327   0.7   12   0.20   0.01    12
 376  0.46529  0.63653  26600   1.9e+13   258   0.5   22   0.15   0.01    22
 377  0.49403  0.71034  21858   3.1e+13   302   0.6   16   0.24   0.01    16
 378  0.52121  0.65906  25749   2.8e+13   292   0.6   10   0.20   0.01    10
 379  0.47932  0.64504  29648   1.2e+15  1033   2.1  330   0.05   0.00   330
 380  0.46383  0.58345  29744   2.6e+14   620   1.3   55   0.10   0.01    55
 381  0.48376  0.66446  29276   1.0e+14   450   0.9   65   0.13   0.01    65
 382  0.45254  0.66959  27739   2.4e+14   605   1.3   34   0.12   0.01    34
 383  0.49468  0.61789  29891   1.3e+14   492   1.0   44   0.16   0.01    44
 384  0.44395  0.66493  29473   3.3e+13   309   0.6   17   0.23   0.01    17
 385  0.49880  0.62254  30147   2.6e+13   284   0.6   10   0.19   0.01    10
 386  0.48298  0.69072  29441   2.5e+13   282   0.6   11   0.20   0.01    11
 387  0.52818  0.58578  29681   1.1e+13   215   0.4   10   0.21   0.02    10
 388  0.40438  0.67282  29664   9.4e+12   203   0.4   12   0.19   0.02    12
 389  0.44457  0.59453  29866   6.2e+13   383   0.8   22   0.15   0.01    22
 390  0.41110  0.58741  32682   2.0e+14   572   1.2   45   0.09   0.01    45
 391  0.39037  0.67437  28020   2.3e+14   593   1.2   45   0.11   0.01    45
 392  0.42462  0.45482  29806   5.7e+13   372   0.8   20   0.16   0.01    20
 393  0.45447  0.62002  31745   3.9e+13   327   0.7   17   0.27   0.01    17
 394  0.34103  0.69674  27153   7.0e+13   398   0.8   16   0.20   0.01    16
 395  0.46865  0.60044  32145   3.7e+13   323   0.7   16   0.30   0.01    16
 396  0.42587  0.62529  30143   3.9e+12   151   0.3   10   0.28   0.02    10
 397  0.32502  0.58920  30310   5.2e+13   361   0.7   18   0.27   0.01    18
 398  0.47902  0.53504  29891   7.6e+13   410   0.8   17   0.22   0.01    17
 399  0.40978  0.64662  30265   8.9e+13   432   0.9   14   0.18   0.01    14
 400  0.45923  0.58674  32407   3.8e+13   325   0.7   12   0.19   0.01    12
 401  0.25651  0.61374  31485   1.0e+13   207   0.4   11   0.21   0.02    11
 402  0.48623  0.54725  29935   3.8e+13   326   0.7   12   0.19   0.01    12
 403  0.32677  0.65586  29660   1.8e+12   118   0.2   10   0.19   0.02    10
 404  0.45145  0.60562  31831   4.2e+12   155   0.3   11   0.26   0.02    11
 405  0.34464  0.53448  31063   2.1e+13   265   0.6   14   0.18   0.01    14
 406  0.40510  0.57874  31061   9.0e+12   200   0.4   10   0.23   0.02    10
 407  0.42606  0.57175  32878   7.5e+12   188   0.4   10   0.20   0.02    10
 408  0.40858  0.59335  32600   5.7e+12   172   0.4   10   0.21   0.02    10
 409  0.38990  0.68380  29895   1.2e+13   219   0.5   24   0.29   0.02    24
 410  0.38508  0.63893  32341   2.0e+14   565   1.2   86   0.10   0.01    86
 411  0.31566  0.73288  35278   1.7e+14   538   1.1   43   0.14   0.01    43
 412  0.30731  0.72464  35165   4.3e+14   735   1.5   75   0.09   0.01    75
 413  0.29184  0.72933  35157   1.8e+13   253   0.5   11   0.20   0.02    11
 414  0.45214  0.63474  33197   7.0e+13   399   0.8   31   0.18   0.01    31
 415  0.46549  0.62770  32878   2.8e+13   293   0.6   20   0.22   0.01    20
 416  0.42190  0.68826  32822   1.3e+14   495   1.0   38   0.13   0.01    38
 417  0.48175  0.67055  33462   7.5e+13   409   0.8   17   0.20   0.01    17
 418  0.38789  0.68696  30297   4.4e+13   342   0.7   12   0.19   0.01    12
 419  0.46689  0.63972  33400   1.7e+13   250   0.5   12   0.19   0.02    12
 420  0.46867  0.64304  33532   4.4e+13   343   0.7   14   0.18   0.01    14
 421  0.36652  0.64357  32275   2.0e+13   264   0.5   15   0.25   0.01    15
 422  0.39041  0.65963  32483   1.1e+13   216   0.4   15   0.18   0.02    15
 423  0.35030  0.65005  32078   3.5e+13   315   0.7   13   0.19   0.01    13
 424  0.36512  0.67737  33487   1.5e+13   238   0.5   10   0.20   0.02    10
 425  0.48586  0.70673  29586   2.4e+13   279   0.6   12   0.22   0.01    12
 426  0.26071  0.67740  31942   1.2e+13   221   0.5   15   0.19   0.02    15
 427  0.36599  0.65145  32626   1.3e+13   229   0.5   12   0.19   0.02    12
 428  0.42743  0.63474  32838   8.0e+12   193   0.4   11   0.19   0.02    11
 429  0.48539  0.72524  29330   1.1e+13   213   0.4   11   0.22   0.02    11
 430  0.26192  0.75270  35518   3.6e+13   318   0.7   13   0.19   0.01    13
 431  0.15019  0.70185  32379   4.4e+13   341   0.7   19   0.28   0.01    19
 432  0.14387  0.73004  32807   6.2e+13   382   0.8   13   0.18   0.01    13
 433  0.13959  0.69895  32659   2.1e+13   268   0.6   16   0.20   0.01    16
 434  0.18348  0.71310  32141   4.8e+13   351   0.7   16   0.23   0.01    16
 435  0.13187  0.70092  32687   3.8e+12   150   0.3   10   0.20   0.02    10
 436  0.13100  0.79506  32716   2.1e+14   580   1.2   54   0.11   0.01    54
 437  0.01651  0.90491  31676   2.7e+14   632   1.3   84   0.10   0.01    84
 438  0.12351  0.77903  33282   5.6e+13   370   0.8   38   0.18   0.01    38
 439  0.15763  0.73731  33455   1.2e+14   481   1.0   37   0.16   0.01    37
 440  0.21137  0.79569  29434   9.0e+13   434   0.9   23   0.18   0.01    23
 441  0.18393  0.89771  31722   6.5e+13   390   0.8   32   0.15   0.01    32
 442  0.08119  0.80477  34435   7.1e+13   402   0.8   25   0.14   0.01    25
 443  0.08560  0.87215  32550   4.3e+13   339   0.7   21   0.23   0.01    21
 444  0.09704  0.86759  32340   4.1e+13   333   0.7   17   0.27   0.01    17
 445  0.10048  0.89271  30729   3.6e+11    68   0.1   12   0.50   0.03    12
 446  0.22053  0.87576  30392   2.2e+13   269   0.6   16   0.27   0.01    16
 447  0.02187  0.91726  31452   3.6e+13   320   0.7   13   0.20   0.01    13
 448  0.20190  0.77866  29389   4.5e+13   343   0.7   12   0.19   0.01    12
 449  0.09614  0.73980  34074   2.8e+13   293   0.6   17   0.22   0.01    17
 450  0.17511  0.83283  30578   2.2e+13   270   0.6   12   0.19   0.01    12
 451  0.00705  0.70850  29033   1.9e+13   259   0.5   16   0.25   0.01    16
 452  0.12725  0.87001  32305   9.0e+12   200   0.4   12   0.20   0.02    12
 453  0.14951  0.73794  33165   1.0e+13   208   0.4   11   0.19   0.02    11
 454  0.08860  0.87185  32653   3.1e+13   302   0.6   13   0.21   0.01    13
 455  0.16789  0.90358  31862   9.1e+13   435   0.9   20   0.20   0.01    20
 456  0.20991  0.68691  25963   8.2e+14   909   1.9  281   0.06   0.01   281
 457  0.20567  0.67466  26507   3.1e+13   304   0.6   10   0.21   0.01    10
 458  0.04134  0.55519  24384   1.5e+14   513   1.1   51   0.13   0.01    51
 459  0.15591  0.69134  28812   2.0e+14   567   1.2   51   0.12   0.01    51
 460  0.02115  0.72412  27208   1.1e+14   458   1.0   35   0.15   0.01    35
 461  0.14346  0.70207  28708   9.1e+13   435   0.9   28   0.15   0.01    28
 462  0.21845  0.59211  31093   4.4e+13   341   0.7   13   0.19   0.01    13
 463  0.00766  0.59711  24418   1.9e+14   552   1.2   42   0.13   0.01    42
 464  0.08352  0.68797  26639   5.3e+13   363   0.8   16   0.20   0.01    16
 465  0.02620  0.58570  25045   6.6e+13   389   0.8   15   0.18   0.01    15
 466  0.06551  0.60817  25819   5.6e+13   370   0.8   12   0.19   0.01    12
 467  0.15176  0.63798  30899   5.0e+13   357   0.7   25   0.12   0.01    25
 468  0.19299  0.52168  26000   1.4e+14   505   1.1   17   0.20   0.01    17
 469  0.10103  0.61929  25176   2.5e+14   609   1.3   17   0.24   0.01    17
 470  0.02472  0.61671  26566   5.2e+13   360   0.8   17   0.18   0.01    17
 471  0.19565  0.66878  27221   3.2e+13   305   0.6   12   0.19   0.01    12
 472  0.01295  0.51521  26510   4.1e+13   333   0.7   10   0.21   0.01    10
 473  0.05152  0.59249  26342   4.8e+13   351   0.7   12   0.20   0.01    12
 474  0.14026  0.67507  29803   5.0e+13   355   0.7   12   0.19   0.01    12
 475  0.06097  0.72970  26779   2.4e+13   279   0.6   11   0.20   0.01    11
 476  0.28192  0.53003  24676   2.0e+14   565   1.2   52   0.12   0.01    52
 477  0.03853  0.41157  27623   2.5e+14   611   1.3   79   0.11   0.01    79
 478  0.03207  0.43932  23680   1.7e+14   540   1.1   91   0.10   0.01    91
 479  0.28684  0.34060  23914   6.2e+13   382   0.8   20   0.19   0.01    20
 480  0.18646  0.24219  25885   4.5e+13   343   0.7   12   0.19   0.01    12
 481  0.00350  0.33612  25021   6.5e+12   178   0.4   11   0.20   0.02    11
 482  0.27974  0.53025  24795   5.1e+13   358   0.7   10   0.20   0.01    10
 483  0.26114  0.28162  24608   3.0e+13   300   0.6   12   0.19   0.01    12
 484  0.04523  0.35717  24239   3.6e+13   317   0.7   12   0.19   0.01    12
 485  0.10228  0.19697  23679   6.1e+13   380   0.8   29   0.12   0.01    29
 486  0.11913  0.24033  23844   4.7e+13   347   0.7   16   0.19   0.01    16
 487  0.04475  0.09738  25078   5.1e+13   358   0.7   16   0.18   0.01    16
 488  0.02993  0.16547  25098   1.2e+13   221   0.5   14   0.23   0.02    14
 489  0.05434  0.14960  24897   8.7e+12   197   0.4   11   0.19   0.02    11
 490  0.23767  0.16472  24994   1.4e+14   507   1.1   48   0.12   0.01    48
 491  0.01837  0.08420  20800   4.2e+13   335   0.7   16   0.19   0.01    16
 492  0.22004  0.17735  25343   9.2e+13   436   0.9   48   0.14   0.01    48
 493  0.08699  0.11272  22002   1.6e+14   526   1.1   42   0.14   0.01    42
 494  0.14428  0.20551  23853   1.7e+14   541   1.1   37   0.12   0.01    37
 495  0.02081  0.11317  19205   1.0e+14   448   0.9   26   0.21   0.01    26
 496  0.24555  0.17346  19708   8.6e+13   425   0.9   13   0.19   0.01    13
 497  0.06072  0.11949  19115   6.0e+13   376   0.8   16   0.22   0.01    16
 498  0.23696  0.17554  25642   4.8e+13   350   0.7   16   0.22   0.01    16
 499  0.24701  0.07358  24450   2.3e+13   272   0.6   10   0.20   0.01    10
 500  0.09798  0.19316  18479   4.9e+13   352   0.7   16   0.20   0.01    16
 501  0.14283  0.24212  18445   9.9e+13   445   0.9   19   0.17   0.01    19
 502  0.13296  0.28058  18206   3.5e+13   315   0.7   17   0.16   0.01    17
 503  0.14346  0.23761  19407   6.2e+13   381   0.8   12   0.20   0.01    12
 504  0.34282  0.14197  15299   2.6e+13   285   0.6   14   0.18   0.01    14
 505  0.32572  0.14431  15068   6.6e+13   388   0.8   10   0.20   0.01    10
 506  0.24563  0.17068  19439   4.3e+13   336   0.7   12   0.20   0.01    12
 507  0.26257  0.32393  19211   1.0e+13   207   0.4   12   0.20   0.02    12
 508  0.02463  0.42472  14930   1.6e+13   242   0.5   11   0.20   0.02    11
 509  0.34551  0.26444  17864   3.6e+13   317   0.7   12   0.19   0.01    12
 510  0.22501  0.28477  18651   2.0e+13   262   0.6   15   0.18   0.01    15
 511  0.03696  0.62442  21070   3.4e+14   673   1.4   73   0.09   0.01    73
 512  0.05090  0.57019  20393   1.7e+14   534   1.1   58   0.11   0.01    58
 513  0.16663  0.53288  21716   9.8e+13   445   0.9   36   0.14   0.01    36
 514  0.01734  0.64520  20617   6.3e+13   384   0.8   14   0.18   0.01    14
 515  0.01105  0.56048  19423   6.3e+13   383   0.8   19   0.16   0.01    19
 516  0.19486  0.67082  17436   8.4e+13   421   0.9   19   0.17   0.01    19
 517  0.00720  0.71349  18594   4.8e+13   350   0.7   26   0.12   0.01    26
 518  0.15231  0.70079  17659   3.8e+13   324   0.7   12   0.22   0.01    12
 519  0.13442  0.38303  19882   1.5e+13   237   0.5   11   0.19   0.02    11
 520  0.08131  0.58524  20704   3.4e+13   311   0.7   19   0.17   0.01    19
 521  0.23886  0.43214  18880   1.9e+13   257   0.5   14   0.18   0.01    14
 522  0.15120  0.68650  17673   1.2e+13   219   0.5   13   0.21   0.02    13
 523  0.34231  0.57825  21528   3.8e+13   324   0.7   19   0.19   0.01    19
 524  0.31816  0.37479  20907   7.3e+13   403   0.8   12   0.19   0.01    12
 525  0.39235  0.58463  17242   1.4e+13   231   0.5   11   0.24   0.02    11
 526  0.51582  0.39813  21069   9.4e+13   438   0.9   34   0.14   0.01    34
 527  0.53000  0.39019  19557   1.7e+14   539   1.1   35   0.13   0.01    35
 528  0.69964  0.57276  22630   6.4e+13   386   0.8   34   0.15   0.01    34
 529  0.67066  0.58816  22301   4.4e+13   340   0.7   16   0.28   0.01    16
 530  0.51840  0.32371  22939   1.2e+14   472   1.0   21   0.18   0.01    21
 531  0.52124  0.32325  20257   3.6e+13   316   0.7   15   0.18   0.01    15
 532  0.59766  0.45989  21016   2.9e+13   296   0.6   12   0.20   0.01    12
 533  0.52957  0.32728  21312   6.4e+13   386   0.8   17   0.15   0.01    17
 534  0.52748  0.41536  19232   3.4e+13   312   0.7   12   0.19   0.01    12
 535  0.52123  0.55439  21514   4.4e+13   340   0.7   12   0.19   0.01    12
 536  0.53857  0.42240  22350   4.8e+13   350   0.7   20   0.14   0.01    20
 537  0.50426  0.44901  22925   2.6e+12   132   0.3   10   0.39   0.02    10
 538  0.49779  0.26421  17754   5.1e+14   774   1.6  121   0.06   0.01   121
 539  0.54615  0.03076  19468   2.2e+14   580   1.2   40   0.11   0.01    40
 540  0.56600  0.03357  22442   8.7e+13   428   0.9   30   0.19   0.01    30
 541  0.47792  0.02285  16326   2.8e+13   292   0.6   16   0.20   0.01    16
 542  0.51955  0.18785  14926   3.8e+13   322   0.7   20   0.17   0.01    20
 543  0.54964  0.31192  19382   2.2e+13   270   0.6   19   0.22   0.01    19
 544  0.54493  0.32029  19601   1.3e+13   224   0.5   12   0.31   0.02    12
 545  0.52270  0.02686  18426   1.7e+13   248   0.5   10   0.20   0.02    10
 546  0.50221  0.17581  22032   5.6e+13   369   0.8   12   0.19   0.01    12
 547  0.52416  0.09483  23790   2.0e+13   262   0.6   14   0.19   0.01    14
 548  0.53130  0.07663  23887   5.0e+13   356   0.7   10   0.20   0.01    10
 549  0.41410  0.24450  24306   4.6e+13   344   0.7   12   0.20   0.01    12
 550  0.41367  0.22859  28025   2.2e+14   582   1.2   25   0.22   0.01    25
 551  0.49563  0.09324  23763   5.4e+13   364   0.8   15   0.18   0.01    15
 552  0.26723  0.17496  25708   9.4e+13   439   0.9   25   0.19   0.01    25
 553  0.36900  0.15358  24431   6.7e+13   391   0.8   17   0.20   0.01    17
 554  0.47324  0.00769  25999   2.2e+13   271   0.6   11   0.21   0.01    11
 555  0.38793  0.04739  21063   8.7e+13   428   0.9   11   0.19   0.01    11
 556  0.48269  0.05661  25768   7.9e+13   414   0.9   12   0.19   0.01    12
 557  0.42236  0.19904  26904   6.0e+13   378   0.8   14   0.18   0.01    14
 558  0.37207  0.13130  24384   3.8e+12   149   0.3   11   0.28   0.02    11
 559  0.53745  0.07822  24222   7.7e+12   189   0.4   12   0.19   0.02    12
 560  0.34477  0.14233  25699   3.7e+13   322   0.7   10   0.21   0.01    10
 561  0.46610  0.06444  27833   1.5e+13   235   0.5   13   0.20   0.02    13
 562  0.48571  0.27387  27789   2.1e+14   578   1.2   61   0.09   0.01    61
 563  0.47698  0.29023  25963   5.2e+13   359   0.7   20   0.17   0.01    20
 564  0.38606  0.40364  24261   5.3e+13   362   0.8   15   0.18   0.01    15
 565  0.33304  0.38916  24591   6.2e+13   382   0.8   12   0.19   0.01    12
 566  0.35810  0.30659  24845   4.8e+13   349   0.7   12   0.20   0.01    12
 567  0.33566  0.28750  25159   7.8e+12   190   0.4   12   0.27   0.02    12
 568  0.38912  0.35999  25640   2.2e+13   271   0.6   14   0.19   0.01    14
 569  0.44764  0.32521  29811   2.9e+14   640   1.3   55   0.11   0.01    55
 570  0.35405  0.41173  25418   1.1e+14   463   1.0   34   0.15   0.01    34
 571  0.52823  0.31470  23519   2.6e+12   131   0.3   11   0.20   0.02    11
 572  0.32597  0.42762  25185   9.5e+12   203   0.4   12   0.19   0.02    12
 573  0.58299  0.47329  27131   7.3e+13   403   0.8   27   0.19   0.01    27
 574  0.53890  0.43470  27624   6.5e+13   388   0.8   20   0.16   0.01    20
 575  0.54518  0.37511  31570   2.9e+13   298   0.6   24   0.13   0.01    24
 576  0.56773  0.42865  27283   6.6e+13   390   0.8   12   0.20   0.01    12
 577  0.62783  0.33346  27670   4.2e+13   334   0.7   11   0.20   0.01    11
 578  0.62360  0.35634  26306   2.5e+13   282   0.6   11   0.19   0.01    11
 579  0.63570  0.42997  29547   1.1e+13   212   0.4   10   0.22   0.02    10
 580  0.56286  0.26567  25070   3.6e+14   691   1.4   74   0.08   0.01    74
 581  0.57665  0.25332  28829   6.7e+13   392   0.8   23   0.19   0.01    23
 582  0.72670  0.31580  28795   7.0e+13   399   0.8   24   0.20   0.01    24
 583  0.73493  0.31900  28640   3.5e+13   314   0.7   11   0.19   0.01    11
 584  0.53341  0.30572  27322   1.3e+14   494   1.0   15   0.18   0.01    15
 585  0.54033  0.24506  26913   6.9e+13   395   0.8   20   0.15   0.01    20
 586  0.54671  0.25007  26790   3.3e+13   308   0.6   10   0.20   0.01    10
 587  0.59384  0.24958  25233   3.5e+13   317   0.7   16   0.18   0.01    16
 588  0.55078  0.22886  26898   1.2e+14   474   1.0   48   0.11   0.01    48
 589  0.55029  0.03522  28791   3.4e+14   675   1.4   78   0.10   0.01    78
 590  0.67758  0.03973  28267   1.1e+14   464   1.0   30   0.15   0.01    30
 591  0.68767  0.03532  28547   8.5e+12   196   0.4   10   0.20   0.02    10
 592  0.60955  0.13897  27025   9.5e+13   440   0.9   31   0.15   0.01    31
 593  0.65095  0.00025  30024   1.1e+14   460   1.0   17   0.17   0.01    17
 594  0.55239  0.04148  28932   2.4e+13   278   0.6   15   0.18   0.01    15
 595  0.58816  0.00096  26699   2.2e+13   269   0.6   17   0.22   0.01    17
 596  0.60333  0.11965  27291   5.0e+13   354   0.7   16   0.17   0.01    16
 597  0.57143  0.09500  26901   2.4e+13   278   0.6   17   0.22   0.01    17
 598  0.60811  0.09619  29809   5.7e+13   371   0.8   10   0.20   0.01    10
 599  0.67011  0.02445  29850   2.6e+13   287   0.6   11   0.20   0.01    11
 600  0.68408  0.02616  25318   1.5e+14   509   1.1   24   0.14   0.01    24
 601  0.57972  0.20021  26543   6.8e+13   393   0.8   27   0.22   0.01    27
 602  0.70295  0.03677  25645   3.9e+13   327   0.7   17   0.19   0.01    17
 603  0.63369  0.12138  27283   1.7e+13   247   0.5   12   0.19   0.02    12
 604  0.64146  0.22213  25909   4.8e+13   351   0.7   12   0.20   0.01    12
 605  0.72837  0.08495  27766   2.1e+13   264   0.6   19   0.25   0.01    19
 606  0.63207  0.22265  25911   1.2e+13   222   0.5   10   0.21   0.02    10
 607  0.73870  0.08527  27717   3.2e+13   305   0.6   11   0.20   0.01    11
 608  0.63541  0.22555  25181   2.2e+13   269   0.6   10   0.20   0.01    10
 609  0.62869  0.08331  23046   3.7e+13   320   0.7   28   0.13   0.01    28
 610  0.61047  0.02586  22509   1.8e+13   251   0.5   16   0.22   0.02    16
 611  0.62819  0.00272  23129   4.9e+13   353   0.7   11   0.20   0.01    11
 612  0.62884  0.01682  22933   1.6e+13   243   0.5   14   0.18   0.02    14
 613  0.63965  0.05553  22581   2.6e+13   287   0.6   11   0.20   0.01    11
 614  0.80555  0.01150  23928   5.0e+14   771   1.6  119   0.07   0.01   119
 615  0.84354  0.09053  23882   2.2e+13   268   0.6   11   0.21   0.01    11
 616  0.84621  0.06291  24324   4.2e+13   334   0.7   10   0.20   0.01    10
 617  0.79325  0.02334  24250   1.0e+14   451   0.9   47   0.17   0.01    47
 618  0.76675  0.03437  25324   4.2e+13   335   0.7   16   0.25   0.01    16
 619  0.77592  0.15312  26018   6.8e+13   395   0.8   18   0.19   0.01    18
 620  0.82422  0.20752  24550   1.9e+13   257   0.5   10   0.21   0.01    10
 621  0.82309  0.21491  24685   2.0e+13   262   0.5   16   0.20   0.01    16
 622  0.82087  0.24064  24623   1.2e+13   218   0.5   10   0.20   0.02    10
 623  0.86278  0.23411  24512   3.7e+13   321   0.7   12   0.19   0.01    12
 624  0.88294  0.24071  24654   1.3e+14   486   1.0   49   0.12   0.01    49
 625  0.89113  0.23944  24601   1.7e+13   247   0.5   16   0.27   0.02    16
 626  0.87316  0.24177  23110   6.2e+13   382   0.8   18   0.20   0.01    18
 627  0.85480  0.05463  23656   1.2e+13   220   0.5   13   0.19   0.02    13
 628  0.88645  0.08526  23975   3.0e+13   300   0.6   11   0.25   0.01    11
 629  0.87806  0.08744  24008   3.1e+13   301   0.6   12   0.20   0.01    12
 630  0.87351  0.11283  24431   1.7e+14   531   1.1   30   0.15   0.01    30
 631  0.88133  0.07702  23759   1.7e+13   245   0.5   10   0.22   0.02    10
 632  0.85973  0.09884  24052   4.0e+13   330   0.7   11   0.20   0.01    11
 633  0.79997  0.01816  21244   3.6e+14   687   1.4  115   0.07   0.01   115
 634  0.83455  0.22331  21111   5.7e+13   371   0.8   14   0.18   0.01    14
 635  0.83831  0.29017  19862   9.9e+12   205   0.4   10   0.21   0.02    10
 636  0.82271  0.47541  22665   2.0e+14   563   1.2   63   0.11   0.01    63
 637  0.86660  0.41992  21292   3.2e+14   659   1.4   79   0.11   0.01    79
 638  0.85845  0.42257  21090   1.8e+14   541   1.1   48   0.11   0.01    48
 639  0.82848  0.46406  22039   9.4e+13   439   0.9   18   0.23   0.01    18
 640  0.83853  0.54105  24259   2.1e+13   265   0.6   12   0.19   0.01    12
 641  0.78785  0.54009  21174   1.9e+13   256   0.5   11   0.31   0.01    11
 642  0.86424  0.55286  23395   3.6e+13   319   0.7   10   0.19   0.01    10
 643  0.80264  0.52245  24279   2.3e+14   594   1.2   92   0.08   0.01    92
 644  0.70446  0.45861  24698   3.3e+14   671   1.4  109   0.07   0.01   109
 645  0.91234  0.31983  21918   1.9e+14   555   1.2   30   0.17   0.01    30
 646  0.79923  0.50675  24194   1.3e+14   488   1.0   34   0.11   0.01    34
 647  0.80396  0.50288  24396   9.4e+13   439   0.9   21   0.27   0.01    21
 648  0.78238  0.48347  25038   7.4e+13   405   0.8   18   0.19   0.01    18
 649  0.88928  0.29038  24015   5.6e+13   368   0.8   18   0.22   0.01    18
 650  0.83991  0.38956  26391   1.0e+14   448   0.9   11   0.19   0.01    11
 651  0.90442  0.34111  24521   7.4e+13   405   0.8   12   0.19   0.01    12
 652  0.66290  0.50104  26030   3.1e+13   303   0.6   10   0.20   0.01    10
 653  0.90173  0.28574  24850   5.4e+12   168   0.4   10   0.21   0.02    10
 654  0.66654  0.38422  22897   2.3e+13   272   0.6   11   0.20   0.01    11
 655  0.66936  0.47103  25310   3.7e+12   149   0.3   10   0.21   0.02    10
 656  0.65561  0.52747  24224   1.0e+13   209   0.4   10   0.21   0.02    10
 657  0.80776  0.54226  24637   3.0e+13   299   0.6   16   0.24   0.01    16
 658  0.85054  0.35359  30742   1.0e+14   455   0.9   34   0.12   0.01    34
 659  1.00606  0.46966  26823   9.2e+13   437   0.9   15   0.17   0.01    15
 660  0.84331  0.36987  27467   1.5e+13   240   0.5   12   0.19   0.02    12
 661  1.04525  0.39328  31454   9.5e+13   442   0.9   31   0.14   0.01    31
 662  1.04720  0.31772  28846   8.4e+12   196   0.4   16   0.17   0.02    16
 663  0.98706  0.38942  30193   1.6e+13   242   0.5   10   0.21   0.02    10
 664  0.97489  0.32724  30333   2.1e+13   266   0.6   10   0.20   0.01    10
 665  0.90211  0.22156  29734   5.3e+12   167   0.3   12   0.19   0.02    12
 666  0.89066  0.40045  32424   1.4e+14   499   1.0   25   0.12   0.01    25
 667  0.86568  0.12015  25582   1.5e+14   511   1.1   30   0.15   0.01    30
 668  1.02409  0.01793  28985   4.4e+13   340   0.7   20   0.25   0.01    20
 669  0.86094  0.16477  27258   9.7e+13   445   0.9   25   0.16   0.01    25
 670  0.91374  0.14695  24265   1.1e+14   459   1.0   15   0.18   0.01    15
 671  0.89592  0.12168  28028   4.8e+13   351   0.7   15   0.18   0.01    15
 672  0.97153  0.11120  27984   1.2e+13   220   0.5   10   0.22   0.02    10
 673  0.96019  0.25018  24784   2.4e+13   276   0.6   10   0.21   0.01    10
 674  0.92267  0.19139  29463   1.0e+14   451   0.9   44   0.13   0.01    44
 675  0.94419  0.19300  29428   1.9e+14   554   1.1   35   0.11   0.01    35
 676  0.85938  0.18408  28655   4.7e+13   348   0.7   34   0.13   0.01    34
 677  0.83871  0.15089  26676   6.5e+13   389   0.8   25   0.22   0.01    25
 678  0.90426  0.19313  29238   2.7e+13   290   0.6   10   0.20   0.01    10
 679  0.88674  0.00643  27374   1.9e+13   257   0.5   11   0.19   0.01    11
 680  0.95343  0.18795  29530   3.3e+13   311   0.6   16   0.17   0.01    16
 681  0.93624  0.14504  31705   2.2e+13   270   0.6   14   0.18   0.01    14
 682  0.93982  0.18175  30336   1.9e+12   119   0.2   14   0.18   0.02    14
 683  0.95446  0.21240  28776   1.9e+13   255   0.5   10   0.20   0.01    10
 684  0.89425  0.07143  29136   4.1e+12   154   0.3   11   0.24   0.02    11
 685  0.87686  0.10592  28116   1.2e+13   217   0.5   10   0.21   0.02    10
 686  0.87675  0.17709  31090   4.3e+13   338   0.7   10   0.20   0.01    10
 687  0.84421  0.16153  33282   2.9e+13   298   0.6   10   0.21   0.01    10
 688  0.83380  0.16676  30650   3.8e+13   325   0.7   29   0.15   0.01    29
 689  0.82662  0.13014  29938   1.2e+14   477   1.0   13   0.19   0.01    13
 690  0.88229  0.02819  31094   2.1e+13   264   0.5   11   0.20   0.01    11
 691  0.80188  0.06594  28779   3.8e+13   324   0.7   23   0.13   0.01    23
 692  0.78638  0.03265  29838   7.0e+13   398   0.8   17   0.26   0.01    17
 693  0.76391  0.03627  29611   7.0e+12   184   0.4   11   0.19   0.02    11
 694  0.78871  0.00656  30142   2.3e+13   274   0.6   10   0.21   0.01    10
 695  0.78776  0.10628  29151   9.3e+13   439   0.9   23   0.18   0.01    23
 696  0.75104  0.02970  29602   4.4e+13   340   0.7   18   0.18   0.01    18
 697  0.76437  0.00105  28510   7.2e+12   186   0.4   12   0.19   0.02    12
 698  0.79749  0.02139  28499   5.7e+13   371   0.8   12   0.19   0.01    12
 699  0.83374  0.17769  28972   2.4e+14   607   1.3  107   0.07   0.01   107
 700  0.81281  0.12670  29323   7.0e+13   398   0.8   33   0.18   0.01    33
 701  0.81992  0.11809  29782   1.1e+13   213   0.4   10   0.23   0.02    10
 702  0.72098  0.19348  31067   4.5e+13   344   0.7   19   0.16   0.01    19
 703  0.68221  0.05214  31116   1.2e+14   479   1.0   41   0.13   0.01    41
 704  0.67208  0.04678  30854   2.8e+13   292   0.6   10   0.20   0.01    10
 705  0.71095  0.00609  29871   3.3e+13   310   0.6   22   0.16   0.01    22
 706  0.76794  0.00027  30709   1.4e+14   505   1.0   34   0.17   0.01    34
 707  0.73256  0.01692  31231   1.3e+14   490   1.0   31   0.12   0.01    31
 708  0.73208  0.01292  32046   7.5e+13   409   0.8   14   0.19   0.01    14
 709  0.79681  0.02612  31490   1.3e+14   493   1.0   22   0.21   0.01    22
 710  0.81470  0.04517  33525   3.2e+13   307   0.6   28   0.31   0.01    28
 711  0.78609  0.02785  33984   1.8e+13   251   0.5   15   0.21   0.02    15
 712  0.76419  0.03755  34508   6.6e+12   181   0.4   13   0.23   0.02    13
 713  0.77888  0.06463  35206   2.6e+13   288   0.6   14   0.19   0.01    14
 714  0.80506  0.25535  35120   2.6e+13   288   0.6   18   0.19   0.01    18
 715  0.79894  0.24891  35181   1.2e+14   477   1.0   24   0.21   0.01    24
 716  0.76847  0.18934  34999   1.5e+13   238   0.5   11   0.20   0.02    11
 717  0.71695  0.26645  30085   4.4e+13   340   0.7   13   0.19   0.01    13
 718  0.81213  0.26067  35090   1.3e+13   227   0.5   12   0.20   0.02    12
 719  0.70147  0.21391  33361   1.8e+13   254   0.5   11   0.22   0.01    11
 720  0.77499  0.21165  34118   2.0e+13   261   0.5   10   0.22   0.01    10
 721  0.78693  0.29536  28533   9.9e+12   206   0.4   14   0.20   0.02    14
 722  0.67206  0.27406  32660   2.1e+13   265   0.5   10   0.21   0.01    10
 723  0.83576  0.36725  31405   2.5e+14   608   1.3   84   0.08   0.01    84
 724  0.68066  0.34696  34055   7.9e+13   416   0.9   31   0.12   0.01    31
 725  0.84643  0.36523  31348   5.5e+13   368   0.8   36   0.11   0.01    36
 726  0.78479  0.30952  34649   1.3e+13   229   0.5   16   0.26   0.02    16
 727  0.77962  0.31142  34903   3.8e+13   326   0.7   19   0.21   0.01    19
 728  0.80268  0.30344  34469   4.3e+13   339   0.7   20   0.21   0.01    20
 729  0.87178  0.36944  32115   2.8e+13   293   0.6   12   0.19   0.01    12
 730  0.86912  0.35370  32124   1.3e+14   489   1.0   14   0.18   0.01    14
 731  0.80033  0.32433  33133   5.7e+13   373   0.8   22   0.15   0.01    22
 732  0.79241  0.31908  33502   3.7e+13   322   0.7   15   0.17   0.01    15
 733  0.85580  0.37241  31607   1.4e+13   231   0.5   10   0.31   0.02    10
 734  0.88218  0.38331  32305   9.0e+12   200   0.4   10   0.21   0.02    10
 735  0.80160  0.35010  29168   6.5e+12   179   0.4   10   0.21   0.02    10
 736  0.68491  0.31747  34330   2.1e+14   578   1.2   73   0.10   0.01    73
 737  0.88578  0.39965  34406   1.5e+14   521   1.1   66   0.10   0.01    66
 738  0.89946  0.42035  32807   2.3e+14   599   1.2   52   0.12   0.01    52
 739  0.74748  0.38371  35561   1.0e+14   456   0.9   31   0.16   0.01    31
 740  0.82889  0.45099  30837   3.7e+13   322   0.7   18   0.20   0.01    18
 741  0.72356  0.50840  36885   1.3e+14   487   1.0   37   0.09   0.01    37
 742  0.73415  0.52477  36643   2.5e+14   613   1.3   61   0.09   0.01    61
 743  0.69269  0.55453  34983   3.8e+13   326   0.7   17   0.34   0.01    17
 744  0.71183  0.54534  36103   2.4e+13   277   0.6   21   0.23   0.01    21
 745  0.79110  0.46618  30230   3.8e+13   324   0.7   17   0.15   0.01    17
 746  0.78049  0.44761  30005   1.4e+13   232   0.5   17   0.25   0.02    17
 747  0.82874  0.49177  35926   5.0e+13   357   0.7   14   0.19   0.01    14
 748  0.76008  0.51291  37616   2.7e+13   291   0.6   16   0.20   0.01    16
 749  0.80189  0.50698  38809   4.2e+13   337   0.7   14   0.19   0.01    14
 750  0.90492  0.49092  34823   2.3e+13   275   0.6   18   0.28   0.01    18
 751  0.68815  0.49378  36604   2.1e+13   268   0.6   10   0.20   0.01    10
 752  0.91549  0.49307  34721   1.3e+13   225   0.5   12   0.19   0.02    12
 753  0.71797  0.40862  35476   7.3e+12   187   0.4   11   0.20   0.02    11
 754  0.78177  0.55354  38722   5.7e+13   374   0.8   35   0.17   0.01    35
 755  0.79208  0.60705  38063   1.2e+14   478   1.0   34   0.12   0.01    34
 756  0.72538  0.52932  37984   8.8e+13   432   0.9   34   0.13   0.01    34
 757  0.84766  0.62672  40809   3.1e+13   306   0.6   22   0.25   0.01    22
 758  0.78636  0.56786  40760   2.5e+13   285   0.6   16   0.26   0.01    16
 759  0.80128  0.52175  39101   3.8e+13   325   0.7   16   0.18   0.01    16
 760  0.79901  0.58232  39731   8.7e+12   199   0.4   10   0.21   0.02    10
 761  0.81455  0.64312  38635   6.9e+12   184   0.4   10   0.22   0.02    10
 762  0.77279  0.66731  34380   9.8e+13   447   0.9   31   0.12   0.01    31
 763  0.68686  0.55512  37190   8.1e+13   420   0.9   25   0.20   0.01    25
 764  0.77850  0.64235  34238   6.9e+13   398   0.8   22   0.20   0.01    22
 765  0.74242  0.58567  36338   7.9e+13   416   0.9   24   0.19   0.01    24
 766  0.80459  0.62906  36930   3.4e+13   313   0.6   15   0.19   0.01    15
 767  0.72585  0.62398  38372   1.5e+14   517   1.1   13   0.19   0.01    13
 768  0.76849  0.62567  36114   7.3e+13   406   0.8   12   0.19   0.01    12
 769  0.70748  0.61814  36442   3.2e+13   308   0.6   10   0.20   0.01    10
 770  0.84162  0.68330  38343   3.7e+13   323   0.7   13   0.18   0.01    13
 771  0.75717  0.59904  36583   8.2e+12   194   0.4   14   0.18   0.02    14
 772  0.74951  0.60703  36078   3.9e+13   330   0.7   17   0.17   0.01    17
 773  0.75132  0.57837  37405   3.0e+13   302   0.6   12   0.21   0.01    12
 774  0.72923  0.60817  36507   2.4e+13   279   0.6   11   0.20   0.01    11
 775  0.74489  0.60904  35274   5.9e+13   377   0.8   11   0.20   0.01    11
 776  0.75508  0.61722  34876   6.7e+12   182   0.4   13   0.20   0.02    13
 777  0.79705  0.74627  37235   7.6e+13   412   0.8   25   0.18   0.01    25
 778  0.66960  0.66221  35401   1.8e+14   549   1.1   28   0.15   0.01    28
 779  0.60230  0.68984  38418   1.2e+13   223   0.5   19   0.23   0.02    19
 780  0.56633  0.64465  36539   7.2e+13   403   0.8   23   0.24   0.01    23
 781  0.64769  0.64354  36762   4.9e+13   355   0.7   19   0.19   0.01    19
 782  0.58726  0.67101  37860   4.0e+13   331   0.7   19   0.19   0.01    19
 783  0.60013  0.68217  37959   5.7e+13   374   0.8   12   0.19   0.01    12
 784  0.57407  0.62375  36568   4.5e+13   344   0.7   11   0.20   0.01    11
 785  0.60396  0.68756  38859   3.0e+13   302   0.6   10   0.21   0.01    10
 786  0.61504  0.68413  37741   7.2e+12   186   0.4   11   0.20   0.02    11
 787  0.56418  0.55984  35008   1.4e+14   499   1.0   49   0.13   0.01    49
 788  0.72923  0.76765  35099   3.5e+14   687   1.4   78   0.10   0.01    78
 789  0.71063  0.75586  35200   4.3e+13   338   0.7   17   0.21   0.01    17
 790  0.65250  0.68634  36750   3.7e+14   701   1.4  101   0.08   0.01   101
 791  0.69183  0.68205  35309   4.4e+13   341   0.7   33   0.20   0.01    33
 792  0.74387  0.66877  34566   1.2e+14   481   1.0   25   0.17   0.01    25
 793  0.58033  0.66005  35213   9.3e+13   440   0.9   27   0.16   0.01    27
 794  0.73837  0.68986  34614   5.3e+13   365   0.8   21   0.15   0.01    21
 795  0.64247  0.66638  36149   2.3e+12   127   0.3   13   0.32   0.02    13
 796  0.52994  0.67489  36720   5.7e+13   374   0.8   14   0.19   0.01    14
 797  0.58870  0.65245  34357   8.2e+13   421   0.9   13   0.19   0.01    13
 798  0.50058  0.59321  34037   4.0e+13   330   0.7   16   0.19   0.01    16
 799  0.74855  0.74970  35041   2.0e+13   264   0.5   13   0.19   0.01    13
 800  0.60884  0.79372  35091   7.6e+12   189   0.4   15   0.17   0.02    15
 801  0.67656  0.65601  35187   6.8e+13   395   0.8   14   0.18   0.01    14
 802  0.54779  0.74162  37010   8.8e+12   199   0.4   10   0.20   0.02    10
 803  0.60089  0.65288  34621   3.2e+13   306   0.6   11   0.20   0.01    11
 804  0.55491  0.65332  36798   2.8e+13   294   0.6   11   0.21   0.01    11
 805  0.69033  0.73432  37180   4.1e+13   333   0.7   10   0.21   0.01    10
 806  0.69614  0.61765  33354   7.5e+12   189   0.4   12   0.19   0.02    12
 807  0.50400  0.62153  33995   5.1e+13   359   0.7   12   0.19   0.01    12
 808  0.72507  0.72084  34677   8.6e+12   197   0.4   13   0.19   0.02    13
 809  0.57154  0.59334  34156   2.3e+13   273   0.6   12   0.20   0.01    12
 810  0.55480  0.65145  36604   7.4e+12   188   0.4   11   0.22   0.02    11
 811  0.67116  0.63606  31340   4.5e+13   343   0.7   17   0.19   0.01    17
 812  0.49805  0.54238  33042   1.2e+14   478   1.0   19   0.20   0.01    19
 813  0.52297  0.49763  31956   3.7e+14   699   1.4   74   0.13   0.01    74
 814  0.51985  0.45367  31223   1.9e+14   561   1.2   72   0.09   0.01    72
 815  0.54678  0.55147  28972   2.9e+14   643   1.3   44   0.13   0.01    44
 816  0.72037  0.45470  29805   8.7e+13   430   0.9   44   0.12   0.01    44
 817  0.56887  0.55192  28741   1.2e+14   479   1.0   31   0.15   0.01    31
 818  0.52179  0.50572  32914   1.3e+14   491   1.0   26   0.20   0.01    26
 819  0.63788  0.55982  30526   3.8e+12   150   0.3   11   0.21   0.02    11
 820  0.58609  0.52544  29317   2.3e+13   275   0.6   12   0.19   0.01    12
 821  0.60897  0.53850  28217   5.0e+13   356   0.7   21   0.14   0.01    21
 822  0.66184  0.50265  31063   6.9e+13   397   0.8   26   0.15   0.01    26
 823  0.57697  0.54316  28661   4.7e+13   349   0.7   14   0.20   0.01    14
 824  0.50217  0.43559  31466   5.4e+13   366   0.8   11   0.20   0.01    11
 825  0.58696  0.58548  29989   1.7e+13   249   0.5   10   0.20   0.02    10
 826  0.75172  0.60487  31933   1.4e+13   230   0.5   14   0.20   0.02    14
 827  0.50455  0.44328  31396   1.0e+13   210   0.4   11   0.19   0.02    11
 828  0.55343  0.61063  29815   2.6e+13   287   0.6   14   0.18   0.01    14
 829  0.57807  0.50883  31056   2.0e+13   264   0.5   14   0.18   0.01    14
 830  0.72922  0.61763  31650   7.5e+12   189   0.4   14   0.19   0.02    14
 831  0.53704  0.50773  31306   3.4e+13   312   0.6   10   0.21   0.01    10
 832  0.75689  0.62412  31743   3.7e+13   321   0.7   19   0.18   0.01    19
 833  0.77200  0.62556  31658   1.1e+14   467   1.0   31   0.13   0.01    31
 834  0.95481  0.64702  29004   1.1e+14   469   1.0   29   0.16   0.01    29
 835  0.94297  0.64367  28983   1.2e+14   476   1.0   21   0.17   0.01    21
 836  0.85560  0.59832  26674   8.8e+13   430   0.9   23   0.20   0.01    23
 837  0.71181  0.65487  30212   5.8e+13   375   0.8   24   0.14   0.01    24
 838  0.82517  0.65273  30059   2.1e+13   265   0.6   13   0.19   0.01    13
 839  0.71930  0.64462  30023   3.8e+13   326   0.7   14   0.18   0.01    14
 840  0.73915  0.55663  26572   4.0e+13   330   0.7   17   0.17   0.01    17
 841  0.79409  0.65937  26151   2.7e+13   290   0.6   20   0.16   0.01    20
 842  0.88866  0.66123  29159   2.4e+13   279   0.6   15   0.18   0.01    15
 843  0.81662  0.64417  26397   1.6e+13   245   0.5   10   0.21   0.02    10
 844  0.87527  0.71380  27570   2.2e+13   271   0.6   13   0.19   0.01    13
 845  0.77690  0.56727  25840   1.4e+13   234   0.5   13   0.20   0.02    13
 846  0.85647  0.60206  26824   4.3e+13   337   0.7   12   0.19   0.01    12
 847  0.88735  0.70078  27437   2.0e+13   262   0.5   10   0.21   0.01    10
 848  0.84951  0.57013  27263   4.7e+13   349   0.7   17   0.24   0.01    17
 849  0.84708  0.66676  26742   6.9e+13   396   0.8   19   0.18   0.01    19
 850  0.78848  0.67497  30274   3.3e+13   309   0.6   16   0.19   0.01    16
 851  0.86074  0.63613  28477   1.1e+13   215   0.4   12   0.19   0.02    12
 852  0.72733  0.66249  30502   2.1e+13   264   0.5   12   0.20   0.01    12
 853  0.86711  0.57916  24407   3.8e+13   324   0.7   12   0.19   0.01    12
 854  0.92586  0.63283  29254   4.0e+12   153   0.3   12   0.19   0.02    12
 855  0.93174  0.62950  29135   3.6e+13   318   0.7   10   0.20   0.01    10
 856  0.82670  0.69080  29900   5.0e+13   357   0.7   19   0.17   0.01    19
 857  0.90139  0.78558  33168   1.3e+14   496   1.0   17   0.18   0.01    17
 858  0.92195  0.79348  33054   6.5e+13   389   0.8   34   0.16   0.01    34
 859  0.81132  0.65138  31931   1.2e+14   480   1.0   48   0.13   0.01    48
 860  0.86856  0.79461  33571   7.4e+13   406   0.8   33   0.20   0.01    33
 861  0.83159  0.68023  30576   5.7e+13   372   0.8   25   0.15   0.01    25
 862  0.82197  0.65259  31907   4.0e+14   717   1.5   11   0.20   0.01    11
 863  0.84056  0.77574  33969   4.4e+13   343   0.7   19   0.20   0.01    19
 864  0.75412  0.80944  28427   1.3e+14   487   1.0   15   0.17   0.01    15
 865  0.80144  0.76873  29100   3.1e+13   304   0.6   12   0.21   0.01    12
 866  0.79254  0.68647  30752   1.6e+13   241   0.5   12   0.22   0.02    12
 867  0.86861  0.70759  32150   3.6e+13   320   0.7   14   0.19   0.01    14
 868  0.85740  0.78571  28759   2.5e+13   283   0.6   10   0.22   0.01    10
 869  0.74507  0.87544  30840   2.5e+13   282   0.6   14   0.18   0.01    14
 870  0.80278  0.73163  29433   4.3e+13   339   0.7   12   0.19   0.01    12
 871  0.75138  0.78778  28278   1.6e+13   241   0.5   10   0.20   0.02    10
 872  0.90556  0.68454  31507   1.5e+13   237   0.5   11   0.20   0.02    11
 873  0.88724  0.68051  32047   1.8e+12   117   0.2   17   0.43   0.02    17
 874  0.86289  0.65832  34554   1.6e+14   524   1.1   60   0.15   0.01    60
 875  0.96893  0.68576  36953   2.1e+14   578   1.2   61   0.11   0.01    61
 876  1.02874  0.68065  36506   1.1e+14   470   1.0   37   0.13   0.01    37
 877  0.93166  0.56925  34602   5.5e+13   369   0.8   29   0.15   0.01    29
 878  0.88442  0.63318  33536   3.6e+13   320   0.7   23   0.21   0.01    23
 879  0.83549  0.71006  34536   2.7e+13   289   0.6   15   0.18   0.01    15
 880  0.88128  0.68064  31762   8.1e+13   418   0.9   15   0.17   0.01    15
 881  0.80124  0.68147  34094   8.2e+13   421   0.9   21   0.13   0.01    21
 882  1.00861  0.75226  32077   1.9e+13   257   0.5   14   0.18   0.01    14
 883  0.89761  0.72662  37469   9.5e+13   443   0.9   12   0.19   0.01    12
 884  0.80801  0.65784  33653   2.8e+13   292   0.6   10   0.20   0.01    10
 885  0.88538  0.68522  35544   4.5e+13   344   0.7   17   0.23   0.01    17
 886  1.05287  0.64606  32798   3.0e+13   300   0.6   16   0.27   0.01    16
 887  0.87929  0.69764  36931   2.1e+13   267   0.5   12   0.19   0.01    12
 888  1.05559  0.62156  34701   3.2e+12   141   0.3   11   0.20   0.02    11
 889  0.83847  0.70432  35646   2.8e+13   294   0.6   14   0.18   0.01    14
 890  0.89782  0.68638  36179   4.3e+13   340   0.7   11   0.23   0.01    11
 891  0.92218  0.60508  32688   3.5e+13   316   0.7   12   0.19   0.01    12
 892  0.98286  0.68322  37073   4.3e+13   340   0.7   15   0.18   0.01    15
 893  0.90297  0.69130  36362   4.1e+13   333   0.7   14   0.18   0.01    14
 894  1.01128  0.68462  34794   2.0e+13   262   0.5   10   0.20   0.01    10
 895  0.83443  0.66495  34923   2.3e+12   127   0.3   10   0.26   0.02    10
 896  0.87934  0.51136  30246   2.8e+14   635   1.3  111   0.08   0.01   111
 897  0.96139  0.50517  29086   2.2e+14   587   1.2  110   0.10   0.01   110
 898  0.97531  0.50371  29001   8.1e+13   418   0.9   30   0.14   0.01    30
 899  0.91151  0.55893  30674   3.2e+14   665   1.4   89   0.10   0.01    89
 900  0.92838  0.57538  30498   3.7e+13   322   0.7   13   0.19   0.01    13
 901  0.98477  0.63068  29578   2.5e+14   615   1.3   58   0.11   0.01    58
 902  0.96950  0.59400  29834   2.9e+14   643   1.3   31   0.11   0.01    31
 903  0.92636  0.49755  34632   1.0e+14   451   0.9   22   0.13   0.01    22
 904  0.95598  0.56501  34541   5.0e+13   357   0.7   31   0.14   0.01    31
 905  0.88886  0.46201  31545   4.9e+13   354   0.7   21   0.18   0.01    21
 906  1.00472  0.62817  30407   1.2e+14   477   1.0   23   0.15   0.01    23
 907  0.97912  0.57630  34063   3.1e+13   303   0.6   10   0.25   0.01    10
 908  0.85225  0.60223  31885   1.1e+14   468   1.0   18   0.18   0.01    18
 909  1.00135  0.61994  30634   3.9e+13   327   0.7   16   0.24   0.01    16
 910  0.98297  0.55580  30390   3.9e+13   329   0.7   17   0.22   0.01    17
 911  0.99149  0.62126  29256   3.6e+13   320   0.7   14   0.19   0.01    14
 912  0.94599  0.62371  29305   4.0e+13   332   0.7   11   0.20   0.01    11
 913  0.82693  0.48271  30501   7.7e+12   190   0.4   11   0.19   0.02    11
 914  1.02322  0.50955  27772   3.8e+13   325   0.7   13   0.19   0.01    13
 915  0.95588  0.52173  33793   1.5e+13   240   0.5   11   0.20   0.02    11
 916  0.96443  0.47419  29733   1.9e+12   119   0.2   11   0.24   0.02    11
 917  0.93279  0.66156  30096   1.2e+13   220   0.5   11   0.20   0.02    11
 918  0.97465  0.60442  29709   8.2e+12   193   0.4   10   0.21   0.02    10
 919  0.89479  0.51883  30236   4.7e+12   161   0.3   10   0.21   0.02    10
 920  0.84876  0.52070  30308   2.7e+13   289   0.6   10   0.21   0.01    10
 921  0.89335  0.43525  32058   1.1e+14   471   1.0   32   0.16   0.01    32
 922  0.90993  0.48094  31749   1.7e+14   538   1.1   58   0.09   0.01    58
 923  0.88654  0.41243  32159   9.0e+13   434   0.9   27   0.12   0.01    27
 924  0.96242  0.40551  33006   5.8e+13   376   0.8   17   0.25   0.01    17
 925  1.00277  0.46178  31900   3.3e+13   311   0.6   14   0.19   0.01    14
 926  0.98944  0.46048  31883   4.3e+12   156   0.3   10   0.23   0.02    10
 927  1.25550  0.61377  24543   4.4e+14   737   1.5  168   0.08   0.01   168
 928  1.16152  0.53217  28377   4.4e+14   736   1.5  138   0.07   0.01   138
 929  1.15365  0.53904  28496   4.2e+13   337   0.7   15   0.17   0.01    15
 930  1.17817  0.51758  30556   3.8e+14   706   1.5  102   0.08   0.01   102
 931  1.17450  0.52006  29274   1.6e+14   529   1.1   48   0.16   0.01    48
 932  1.19093  0.50681  29170   1.3e+14   488   1.0   17   0.18   0.01    17
 933  1.09227  0.55402  27329   2.3e+14   590   1.2   75   0.11   0.01    75
 934  1.10700  0.55055  27205   6.1e+12   175   0.4   10   0.20   0.02    10
 935  1.09425  0.55165  27384   1.9e+13   258   0.5   10   0.21   0.01    10
 936  1.25088  0.66414  25152   1.1e+14   457   1.0   37   0.11   0.01    37
 937  1.25536  0.53925  24997   1.0e+14   450   0.9   32   0.12   0.01    32
 938  1.23205  0.52969  27030   3.8e+13   324   0.7   12   0.18   0.01    12
 939  1.21913  0.54953  25355   4.4e+13   341   0.7   20   0.23   0.01    20
 940  1.16961  0.50881  29652   7.9e+13   414   0.9   16   0.20   0.01    16
 941  1.20078  0.52559  27769   1.3e+14   491   1.0   12   0.19   0.01    12
 942  1.25163  0.59267  24562   2.6e+13   284   0.6   11   0.19   0.01    11
 943  1.15506  0.53286  28552   9.7e+12   205   0.4   10   0.22   0.02    10
 944  1.25745  0.64790  24966   5.4e+13   365   0.8   17   0.22   0.01    17
 945  1.14456  0.64678  30123   2.8e+13   295   0.6   15   0.18   0.01    15
 946  1.05601  0.57918  29116   6.7e+13   393   0.8   13   0.19   0.01    13
 947  1.28225  0.60734  32066   1.6e+13   243   0.5   12   0.19   0.02    12
 948  1.24205  0.65548  30325   2.8e+13   292   0.6   14   0.24   0.01    14
 949  1.13090  0.64537  28517   4.1e+13   334   0.7   11   0.20   0.01    11
 950  1.14189  0.61789  28973   6.9e+13   397   0.8   14   0.18   0.01    14
 951  1.05633  0.57657  28006   2.3e+13   272   0.6   11   0.21   0.01    11
 952  1.05176  0.58628  29582   9.6e+12   205   0.4   10   0.23   0.02    10
 953  1.02618  0.63382  28364   1.3e+13   227   0.5   12   0.19   0.02    12
 954  1.00689  0.66567  27614   1.4e+14   502   1.0   44   0.12   0.01    44
 955  1.18561  0.63371  31838   3.8e+13   324   0.7   12   0.19   0.01    12
 956  1.01626  0.73385  31712   4.3e+13   340   0.7   19   0.22   0.01    19
 957  1.16100  0.64479  33710   5.6e+13   370   0.8   13   0.19   0.01    13
 958  1.26624  0.67670  33413   4.3e+13   340   0.7   23   0.21   0.01    23
 959  1.17882  0.68626  34338   6.0e+13   379   0.8   22   0.23   0.01    22
 960  1.28223  0.80263  34376   1.1e+14   470   1.0   12   0.19   0.01    12
 961  1.19513  0.79255  34750   5.9e+13   377   0.8   16   0.21   0.01    16
 962  1.23937  0.76932  35481   2.4e+13   280   0.6   14   0.22   0.01    14
 963  1.25778  0.76934  35453   2.8e+13   293   0.6   10   0.20   0.01    10
 964  1.28744  0.75199  34676   1.8e+13   255   0.5   12   0.19   0.01    12
 965  1.26050  0.69112  31725   1.6e+13   243   0.5   10   0.22   0.02    10
 966  1.17971  0.72672  29927   8.0e+13   417   0.9   18   0.20   0.01    18
 967  1.31465  0.64909  31588   6.8e+13   396   0.8   34   0.14   0.01    34
 968  1.02109  0.83158  33543   9.8e+13   448   0.9   23   0.14   0.01    23
 969  1.09704  0.80856  32708   3.3e+13   311   0.6   20   0.16   0.01    20
 970  1.31492  0.68257  31918   5.1e+13   359   0.7   17   0.24   0.01    17
 971  1.30830  0.67441  31697   1.7e+13   246   0.5   10   0.21   0.02    10
 972  1.06379  0.66889  31454   7.7e+13   412   0.9   12   0.19   0.01    12
 973  1.00218  0.82372  33041   2.3e+13   276   0.6   16   0.27   0.01    16
 974  1.27833  0.74848  31728   7.8e+13   413   0.9   20   0.23   0.01    20
 975  1.02742  0.81407  33404   1.3e+13   225   0.5   15   0.20   0.02    15
 976  1.05344  0.66164  31273   1.8e+13   252   0.5   10   0.21   0.02    10
 977  1.25764  0.68656  33174   1.7e+13   247   0.5   10   0.20   0.02    10
 978  1.06093  0.77693  26474   3.9e+13   328   0.7   28   0.15   0.01    28
 979  0.96347  0.77380  28857   2.2e+13   269   0.6   21   0.20   0.01    21
 980  1.00494  0.85266  32779   5.5e+13   369   0.8   10   0.21   0.01    10
 981  1.06248  1.01852  27870   8.1e+12   193   0.4   10   0.21   0.02    10
 982  0.88770  0.87226  26561   1.3e+14   486   1.0   37   0.14   0.01    37
 983  0.82988  0.89498  27895   3.7e+13   321   0.7   23   0.15   0.01    23
 984  0.90880  0.86312  29290   5.0e+13   356   0.7   17   0.17   0.01    17
 985  0.92659  0.88448  30132   3.0e+13   301   0.6   12   0.20   0.01    12
 986  0.94365  0.98318  29963   1.9e+13   255   0.5   15   0.18   0.01    15
 987  0.92282  0.99448  29880   4.5e+13   343   0.7   10   0.21   0.01    10
 988  1.22329  0.71013  24875   1.5e+14   519   1.1   52   0.10   0.01    52
 989  1.05905  0.76306  26135   9.5e+13   441   0.9   28   0.17   0.01    28
 990  0.88284  0.66903  23918   3.9e+13   326   0.7   22   0.18   0.01    22
 991  1.17937  0.79129  24077   1.2e+14   482   1.0   12   0.19   0.01    12
 992  0.92492  0.74240  27014   6.5e+13   389   0.8   20   0.20   0.01    20
 993  0.87118  0.65188  23887   1.6e+14   523   1.1   13   0.19   0.01    13
 994  0.89516  0.77159  26411   1.0e+14   456   0.9   19   0.20   0.01    19
 995  0.88917  0.65067  24169   4.4e+13   340   0.7   21   0.19   0.01    21
 996  0.99171  0.67695  27456   4.0e+13   329   0.7   15   0.18   0.01    15
 997  1.13302  0.74792  25274   1.4e+13   232   0.5   10   0.21   0.02    10
 998  0.87396  0.75938  26438   1.2e+13   221   0.5   10   0.21   0.02    10
 999  0.87088  0.79771  24848   2.1e+13   265   0.6   13   0.23   0.01    13
1000  1.43216  1.12404  49810   1.6e+15  1146   2.3  574   0.04   0.00   574
1001  1.43216  1.12404  49799   1.7e+15  1165   2.3  512   0.04   0.00   512
1002  1.43216  1.12404  49798   1.6e+15  1163   2.3  256   0.06   0.00   256
1003  1.43216  1.12404  49863   1.2e+15  1058   2.1  128   0.08   0.00   128
1004  1.43216  1.12404  50086   1.6e+15  1151   2.3   64   0.12   0.00    64
1005  1.43216  1.12404  50058   2.0e+15  1239   2.5   32   0.15   0.00    32
1006  1.43216  1.12404  49806   2.8e+15  1395   2.8   16   0.22   0.01    16
1007  1.43216  1.12404  49814   1.6e+15  1146   2.3  512   0.04   0.00   512
1008  1.43234  1.12539  49832   1.9e+15  1229   2.4  256   0.05   0.00   256
1009  1.43234  1.12539  49810   1.6e+15  1151   2.3  128   0.08   0.00   128
1010  1.42551  1.12483  49824   1.3e+15  1087   2.2   64   0.12   0.00    64
1011  1.42551  1.12483  49814   2.0e+15  1247   2.5   32   0.19   0.00    32
1012  1.43243  1.12459  49819   2.2e+15  1276   2.5   16   0.25   0.01    16
