# halo-id  ra  dec  vres  m200  vdisp200  r200  N200  M200err(stat)  M200err(syst)  Ngal
   1  0.860  0.136  40870     -1      -1   -1    -1    -1    -1   285
   2  1.209  0.280  42316  2.1e+14   592  1.2    61  0.29  0.01   255
   3  0.411  0.154  36601  3.1e+14   667  1.3   144  0.14  0.01   350
   4  1.067  0.895  19227  3.2e+14   670  1.3   132  0.14  0.01   173
   5  1.432  1.124  49682  9.7e+14   987  1.9   430  0.05  0.00   781
   6  0.799  1.453  36577  8.1e+13   426  0.8    31  0.41  0.01    42
   7  0.289  0.552  35443  3.4e+14   692  1.4   126  0.16  0.01   280
   8  1.267  0.600  32562  2.0e+14   575  1.1   120  0.15  0.01   302
   9  0.597  0.036  41854  3.7e+14   711  1.4   137  0.13  0.01   433
  10  1.171  0.261  49588  5.0e+13   364  0.7    26  0.12  0.01   246
  11  0.120  1.240  19445  2.3e+14   599  1.2   104  0.10  0.01   147
  12  1.388  0.891  45366  1.6e+14   542  1.1    58  0.38  0.01   180
  13  0.461  0.409  40021  6.7e+13   400  0.8    39  0.28  0.01   217
  14  0.514  1.267  33748  4.5e+13   350  0.7    18  0.45  0.01    49
  15  1.373  0.637  31613  2.4e+14   616  1.2    87  0.15  0.01   196
  16  0.811  0.651  31974  5.2e+13   366  0.7    34  0.25  0.01   134
  17  1.195  0.524  32491  4.8e+13   356  0.7    34  0.25  0.01   198
  18  0.527  0.496  32268  5.6e+14   811  1.6    71  0.09  0.01   197
  19  0.002  0.694  46876  2.1e+13   272  0.5    13  0.85  0.01   110
  20  0.912  0.559  30726  2.0e+14   575  1.1    69  0.34  0.01   149
  21  0.815  0.045  37270     -1      -1   -1    -1    -1    -1    95
  22  0.247  0.454  33384  1.8e+14   555  1.1    45  0.26  0.01   161
  23  0.662  0.811  35470  2.4e+14   609  1.2    97  0.16  0.01   283
  24  0.256  0.278  45499  2.3e+14   605  1.2    80  0.13  0.01   593
  25  1.421  1.228  28389  1.5e+14   523  1.0    44  0.43  0.01    84
  26  1.415  1.245  37960  5.1e+12   169  0.3    10  1.21  0.02    48
  27  0.421  0.112  48506  3.1e+14   670  1.3   101  0.05  0.01   374
  28  0.132  0.536  46562  2.9e+13   303  0.6    11  0.70  0.01   195
  29  0.239  0.189  41020  1.4e+14   516  1.0    75  0.11  0.01   510
  30  1.024  0.560  41172  5.4e+13   372  0.7    34  0.17  0.01   221
  31  1.240  0.904  43585  2.2e+14   599  1.2    86  0.21  0.01   244
  32  0.054  1.345  19647  4.1e+14   730  1.5   103  0.09  0.01   117
  33  0.497  0.288  43710  1.0e+14   458  0.9    53  0.13  0.01   405
  34  0.745  0.515  41420  5.2e+13   368  0.7    33  0.18  0.01   259
  35  1.213  0.320  48366  6.9e+14   879  1.7   277  0.07  0.01   592
  36  0.541  0.251  34788  1.4e+14   513  1.0    73  0.26  0.01   245
  37  0.385  0.639  32327  1.3e+14   499  1.0    66  0.16  0.01   174
  38  0.740  1.246  29439  3.3e+13   314  0.6    22  0.33  0.01   104
  39  0.115  1.448  33604  1.9e+14   565  1.1    72  0.21  0.01    99
  40  0.787  0.030  36332  6.1e+13   387  0.8    57  0.26  0.01   245
  41  0.850  1.095  32616  1.6e+14   536  1.1    51  0.26  0.01   184
  42  0.841  1.490  49155  1.2e+14   488  0.9    44  0.25  0.01    93
  43  0.261  0.576  48953  1.8e+14   563  1.1    63  0.15  0.01   197
  44  1.161  0.355  49053  4.4e+13   350  0.7    39  0.23  0.01   294
  45  0.785  0.943  24197  1.0e+14   456  0.9    55  0.28  0.01   108
  46  0.290  0.508  35668  3.3e+13   314  0.6    24  0.33  0.01   109
  47  1.218  0.327  40851  3.3e+14   682  1.3   113  0.13  0.01   296
  48  0.059  0.353  29999  1.3e+14   498  1.0    24  0.18  0.01   178
  49  1.247  1.033  35138  6.1e+13   386  0.8    34  0.43  0.01    87
  50  0.027  0.457  32740  6.0e+13   384  0.8    37  0.29  0.01   237
  51  1.519  0.108  43754  4.9e+13   361  0.7    22  0.24  0.01   221
  52  1.005  0.931  21314  3.0e+14   656  1.3   108  0.08  0.01   166
  53  1.392  0.108  44988  2.3e+14   606  1.2    70  0.31  0.01   225
  54  0.883  0.068  34062  1.6e+14   535  1.1    72  0.33  0.01   180
  55  0.806  0.011  23979  3.0e+14   655  1.3    97  0.15  0.01   231
  56  0.483  0.189  44157  3.9e+14   727  1.4   189  0.09  0.01   423
  57  1.018  0.776  47821  2.2e+14   601  1.2    89  0.12  0.01   364
  58  0.485  0.186  34039  1.7e+14   545  1.1    60  0.18  0.01   226
  59  1.128  0.465  34176  2.9e+14   649  1.3    91  0.33  0.01   270
  60  1.567  0.622  25417  3.5e+14   692  1.4   167  0.09  0.01   268
  61  0.438  0.940  49000  4.4e+13   348  0.7    23  0.20  0.01   120
  62  0.755  0.722  48194  2.4e+14   616  1.2    95  0.08  0.01   316
  63  1.231  1.208  29177  2.5e+14   618  1.2    94  0.18  0.01   123
  64  0.908  1.114  33505  6.3e+13   390  0.8    32  0.40  0.01    98
  65  1.131  0.418  49590  5.7e+13   380  0.7    25  0.18  0.01   364
  66  0.032  0.439  23779  1.4e+14   511  1.0    70  0.29  0.01   109
  67  1.519  0.279  33734  7.1e+13   407  0.8    50  0.18  0.01   390
  68  0.613  0.045  48710  4.1e+14   735  1.4   138  0.06  0.01   414
  69  0.251  0.176  40593  2.2e+13   276  0.5    25  0.15  0.01   658
  70  0.196  0.669  26081  1.7e+14   539  1.1     0  0.62  0.01   115
  71  1.028  0.795  47610  2.0e+14   577  1.1    56  0.16  0.01   180
  72  0.596  0.864  43575  1.6e+13   247  0.5    13  0.95  0.02    78
  73  0.851  0.648  47416  4.3e+13   345  0.7    30  0.41  0.01   167
  74  0.550  0.035  28998  2.4e+14   614  1.2    62  0.27  0.01   190
  75  0.717  0.882  47047  9.5e+13   451  0.9    53  0.16  0.01   241
  76  0.823  0.475  22494  1.1e+14   468  0.9    55  0.15  0.01   159
  77  0.974  0.508  49598  7.0e+12   188  0.4     9  0.97  0.02   118
  78  1.560  1.100  45722  1.1e+14   480  0.9    39  0.25  0.01   107
  79  0.392  0.532  35558  9.7e+13   451  0.9    17  0.22  0.01   185
  80  0.452  0.626  48311  1.4e+14   508  1.0    55  0.25  0.01   245
  81  0.088  0.687  24734  7.3e+13   409  0.8    24  0.41  0.01    57
  82  0.629  0.660  36401  1.8e+14   552  1.1     4  0.62  0.01   105
  83  0.645  0.546  47947  1.2e+14   485  0.9    51  0.17  0.01   192
  84  0.650  1.439  34242  8.2e+13   426  0.8    45  0.44  0.01    75
  85  0.270  0.296  47824  5.1e+13   367  0.7    36  0.16  0.01   277
  86  1.190  0.956  12591  2.8e+14   640  1.3    77  0.21  0.01    99
  87  0.685  0.317  34541  1.1e+14   471  0.9    50  0.25  0.01   155
  88  0.580  0.200  26506  5.4e+13   370  0.7    17  0.26  0.01    78
  89  0.790  0.669  49527  2.0e+13   267  0.5    16  0.25  0.01   182
  90  0.629  0.172  43098     -1      -1   -1    -1    -1    -1   120
  91  0.725  1.186  32301  1.8e+14   559  1.1    65  0.24  0.01   141
  92  1.559  1.114  19878  2.1e+13   268  0.5    11  1.18  0.01    24
  93  0.940  0.430  35481  4.3e+13   343  0.7    13  0.80  0.01    95
  94  0.164  1.160  44934  3.1e+13   309  0.6    21  0.20  0.01   223
  95  0.763  0.027  37635  1.3e+14   504  1.0    59  0.17  0.01   172
  96  0.596  0.731  39827  9.2e+13   445  0.9    28  0.32  0.01   126
  97  1.183  0.608  49402  4.9e+13   362  0.7    29  0.45  0.01   129
  98  1.170  0.368  48957  1.9e+13   262  0.5    10  0.71  0.01   243
  99  1.455  0.065  45304  3.7e+13   330  0.6     4  0.67  0.01   205
 100  0.509  0.204  45654  8.8e+13   440  0.9    28  0.30  0.01   198
 101  0.267  0.289  42372  3.9e+13   335  0.7    16  0.31  0.01   106
 102  0.777  1.101  38933  1.9e+14   569  1.1    84  0.23  0.01   165
 103  0.079  0.935  45547  2.0e+14   580  1.1    49  0.17  0.01   150
 104  0.073  1.120  28139  3.2e+13   309  0.6    26  0.59  0.01    61
 105  0.245  0.426  48382  1.1e+14   471  0.9    57  0.31  0.01   181
 106  0.355  0.108  13274  4.1e+13   334  0.7    29  0.17  0.01    62
 107  1.402  0.453  30613  9.0e+13   440  0.9    34  0.43  0.01   139
 108  1.104  0.649  37559  4.3e+13   343  0.7    20  0.58  0.01    96
 109  1.100  0.913  46675  1.2e+14   487  0.9    65  0.19  0.01   174
 110  0.327  0.306  48581  1.7e+14   552  1.1    43  0.11  0.01   257
 111  0.727  1.233  29657  8.3e+13   427  0.9    19  0.27  0.01   142
 112  0.354  0.997  41468  1.6e+13   250  0.5    14  0.85  0.02   135
 113  1.522  0.441  30894  5.5e+13   372  0.7    30  0.27  0.01   112
 114  0.851  0.578  49058  6.7e+13   403  0.8    25  0.15  0.01   212
 115  1.067  0.726  43057  4.6e+13   354  0.7    17  0.42  0.01   105
 116  1.259  0.479  38755  2.1e+14   582  1.1    33  0.19  0.01   181
 117  1.132  0.074  32757  1.6e+13   245  0.5    16  0.33  0.02   128
 118  0.654  0.068  39643  1.3e+14   494  1.0    76  0.20  0.01   247
 119  0.523  0.498  33581  2.8e+13   297  0.6     6  0.72  0.01   201
 120  0.397  1.018  28180  1.5e+14   527  1.1    66  0.24  0.01   171
 121  0.668  0.292  45992  2.8e+13   300  0.6     0  0.77  0.01   137
 122  1.049  0.925  20111  1.5e+14   516  1.0    71  0.10  0.01   172
 123  1.370  0.870  47405  1.2e+14   487  0.9    46  0.18  0.01   168
 124  1.506  1.115  43607  1.1e+14   473  0.9    40  0.43  0.01   147
 125  0.546  0.031  19486  1.4e+14   504  1.0    34  0.53  0.01    57
 126  1.483  0.301  31949  4.4e+14   747  1.5   143  0.13  0.01   356
 127  1.450  0.291   7607  2.8e+13   292  0.6    11  1.24  0.01    16
 128  0.912  0.320  22032  6.1e+13   384  0.8    20  0.23  0.01    68
 129  1.540  0.242  43907     -1      -1   -1    -1    -1    -1   101
 130  0.861  0.115  41086  1.1e+13   221  0.4    10  0.71  0.02   358
 131  1.534  0.074  48808  1.2e+14   494  1.0    61  0.14  0.01   393
 132  0.747  0.384  35484  7.5e+13   415  0.8    26  0.30  0.01    63
 133  0.652  0.686  36608  2.4e+14   615  1.2    78  0.16  0.01   176
 134  1.223  0.710  25003  6.2e+13   387  0.8    33  0.44  0.01    89
 135  0.599  0.037  41848  3.2e+13   312  0.6    23  0.25  0.01   409
 136  0.868  0.126  46091     -1      -1   -1    -1    -1    -1   212
 137  1.330  0.141  45481  1.5e+14   522  1.0    40  0.43  0.01   157
 138  0.610  0.487  43610  6.1e+14   843  1.6   281  0.09  0.01   515
 139  1.133  0.029  44673  4.9e+13   361  0.7    25  0.33  0.01   169
 140  0.722  0.268  44244  2.3e+14   603  1.2    68  0.37  0.01   263
 141  1.340  0.679  43523  9.5e+13   450  0.9    44  0.31  0.01   189
 142  0.980  1.328  44127  1.1e+14   472  0.9    39  0.41  0.01    80
 143  1.390  0.147  44146  6.0e+13   386  0.8    18  0.37  0.01   220
 144  1.278  0.555  34008  5.5e+14   810  1.6   249  0.07  0.01   434
 145  1.536  0.331  32981  7.5e+13   415  0.8    35  0.55  0.01   133
 146  0.943  0.350  40861  9.5e+12   207  0.4     9  0.93  0.02   125
 147  0.572  1.124  31559  1.3e+14   497  1.0    63  0.22  0.01   163
 148  0.164  0.160  33150  1.5e+14   523  1.0    39  0.29  0.01   154
 149  0.349  0.098  35524     -1      -1   -1    -1    -1    -1    90
 150  1.291  0.169  46505  6.6e+13   399  0.8     0  0.67  0.01   140
 151  1.460  0.603  43195  1.0e+13   215  0.4    13  0.97  0.02    96
 152  1.126  0.452  48840  5.7e+13   381  0.7    22  0.22  0.01   114
 153  1.406  1.028  28158  4.2e+13   341  0.7    28  0.68  0.01    91
 154  0.860  0.131  40879  6.1e+13   387  0.8    20  0.27  0.01   395
 155  1.383  0.311  44567  1.0e+14   459  0.9    24  0.40  0.01   193
 156  1.506  0.127  46196  7.0e+12   188  0.4     0  1.08  0.02    70
 157  1.029  0.681  36504  8.6e+13   435  0.9    32  0.31  0.01    85
 158  0.956  0.565  34491  4.9e+13   359  0.7    27  0.81  0.01    82
 159  1.318  0.455  19407  8.1e+13   423  0.9    25  0.14  0.01    93
 160  0.659  0.026  30268  2.0e+13   266  0.5    10  0.88  0.01   107
 161  1.479  0.951  45166  9.6e+13   452  0.9    22  0.21  0.01   138
 162  0.577  0.253  25148  1.2e+13   221  0.4    10  0.93  0.02   123
 163  0.242  0.234  44033  3.5e+13   321  0.6    15  0.75  0.01   135
 164  1.191  0.507  29461  9.2e+13   442  0.9    15  0.60  0.01   186
 165  0.269  1.212  46458  1.4e+13   239  0.5    17  0.51  0.02    85
 166  0.768  1.030  30892  1.8e+14   553  1.1    49  0.31  0.01    90
 167  0.022  0.510  37428  1.1e+14   475  0.9    54  0.30  0.01   159
 168  0.415  0.516  36916  5.3e+13   369  0.7    19  0.22  0.01   260
 169  1.205  0.440  39658  2.8e+13   298  0.6    20  0.40  0.01    77
 170  0.680  0.966  12428     -1      -1   -1    -1    -1    -1    24
 171  0.783  0.827  41223     -1      -1   -1    -1    -1    -1   106
 172  0.267  1.187  48505  5.8e+13   383  0.7    38  0.30  0.01   106
 173  0.524  0.178  32243  4.5e+13   350  0.7    15  0.80  0.01    95
 174  1.116  0.411  49702  1.7e+14   548  1.1    70  0.10  0.01   511
 175  1.289  0.166  48439  1.0e+14   460  0.9    45  0.13  0.01   198
 176  1.527  0.476  34410  4.2e+14   737  1.5   147  0.14  0.01   335
 177  1.044  0.907  46748  8.4e+13   433  0.8    41  0.30  0.01   171
 178  0.249  0.278  45513  9.9e+13   457  0.9    18  0.16  0.01   546
 179  0.001  1.148  42419  1.2e+14   491  1.0    62  0.45  0.01   145
 180  1.242  0.655  25294  1.8e+13   253  0.5     0  1.01  0.02    60
 181  1.429  0.882  48533  7.9e+13   424  0.8    33  0.29  0.01   107
 182  1.284  0.078  39638  4.3e+13   345  0.7    24  0.32  0.01   153
 183  0.362  0.186  49487  9.3e+13   448  0.9    41  0.24  0.01   146
 184  0.563  0.923  49143  2.8e+13   298  0.6     0  0.86  0.01    86
 185  0.879  0.511  30264  2.5e+14   618  1.2    83  0.16  0.01   177
 186  0.936  1.104   2159  1.1e+13   216  0.4     6  1.58  0.02     6
 187  0.961  0.882  49888  2.4e+14   621  1.2   100  0.13  0.01   232
 188  0.032  0.878  41187  7.2e+13   409  0.8    45  0.26  0.01   166
 189  1.559  0.202  13027  1.6e+14   533  1.1    63  0.21  0.01    91
 190  0.874  0.113  24601  1.2e+14   485  1.0    24  0.34  0.01    98
 191  1.099  0.584  38947  1.4e+15  1113  2.2    31  0.06  0.00   200
 192  0.946  0.660  42980  2.6e+13   291  0.6    15  0.81  0.01   119
 193  0.804  0.418  45355  9.8e+12   210  0.4    12  0.81  0.02   229
 194  1.286  1.141  27945  1.8e+13   256  0.5    15  1.11  0.01    36
 195  0.823  0.590  46384     -1      -1   -1    -1    -1    -1    52
 196  0.774  0.381  45620  5.6e+13   378  0.7    21  0.19  0.01   322
 197  0.552  0.006  40879  7.0e+13   405  0.8    32  0.57  0.01    98
 198  0.899  0.420  32418  1.2e+14   480  1.0    38  0.23  0.01   191
 199  0.631  0.993  49319  3.5e+13   322  0.6    19  0.18  0.01   238
 200  1.417  1.250  29614  8.7e+13   435  0.9    30  0.32  0.01    74
 201  0.251  0.279  45509  2.3e+14   608  1.2   114  0.11  0.01   584
 202  0.542  0.185  31957  3.0e+13   305  0.6    11  0.89  0.01    77
 203  0.617  1.264  31142  7.8e+13   420  0.8    28  0.38  0.01    68
 204  1.363  0.520  41513  4.9e+13   359  0.7    18  0.65  0.01    89
 205  1.105  0.905  19074  1.1e+14   467  0.9    22  0.49  0.01    60
 206  0.546  0.649  49945  6.9e+13   405  0.8    19  0.33  0.01    59
 207  0.272  0.047  29275  3.7e+13   327  0.7     5  0.75  0.01   142
 208  0.591  0.489  43486  3.5e+12   148  0.3     5  0.96  0.02   202
 209  0.480  0.780  48445  1.5e+13   243  0.5     7  0.97  0.02    70
 210  0.167  0.220  39422  4.6e+10    35  0.1     2  1.64  0.03   143
 211  0.078  0.962  45777  1.9e+13   263  0.5    10  0.81  0.01   147
 212  1.210  1.030  12052  7.9e+13   417  0.9    20  0.51  0.01    31
 213  0.235  0.188  39470  2.3e+14   606  1.2    80  0.11  0.01   438
 214  0.325  0.595  40634  1.1e+14   469  0.9    69  0.20  0.01   304
 215  0.800  0.018  24008  3.7e+15  1529  3.0    36  0.04  0.01   266
 216  0.759  0.604  22283  2.9e+13   298  0.6    22  0.63  0.01    63
 217  0.017  0.905  31753  1.7e+14   547  1.1    70  0.23  0.01   141
 218  1.546  1.355  40743  4.6e+13   353  0.7    22  0.54  0.01    65
 219  0.078  0.966  38710  1.9e+13   261  0.5    14  1.02  0.01    50
 220  0.103  0.314  35542  1.9e+14   568  1.1    52  0.25  0.01   153
 221  0.201  0.116  35441  2.2e+14   594  1.2   116  0.16  0.01   292
 222  0.199  0.366  47089  2.9e+14   654  1.3    94  0.14  0.01   322
 223  0.834  0.178  28971  2.3e+14   601  1.2    91  0.22  0.01   176
 224  1.451  0.810  41277  3.4e+13   318  0.6    17  0.33  0.01    91
 225  0.458  1.286  33507  1.5e+13   241  0.5    12  1.13  0.02    35
 226  0.106  0.667  38716  1.5e+14   520  1.0    74  0.14  0.01   236
 227  1.098  0.249  49488  9.7e+13   455  0.9    42  0.14  0.01   193
 228  0.498  1.381  49194  3.4e+13   319  0.6    10  0.98  0.01    39
 229  1.418  1.187  46655  2.7e+13   297  0.6    23  0.45  0.01   119
 230  0.366  0.002  29297  6.7e+13   399  0.8    28  0.64  0.01    70
 231  1.432  0.144  43903  1.1e+13   217  0.4    15  0.83  0.02   193
 232  0.853  0.537  46237  3.5e+13   322  0.6    27  0.26  0.01   231
 233  0.367  0.488  43553  3.0e+13   307  0.6    17  0.31  0.01   107
 234  1.300  0.895  46446  2.1e+14   591  1.1   138  0.10  0.01   401
 235  0.824  1.472  48801  5.0e+13   363  0.7    38  0.31  0.01   102
 236  0.629  1.137  27862  5.1e+13   364  0.7    18  0.53  0.01    55
 237  1.210  0.211  36938  2.4e+14   616  1.2    96  0.17  0.01   306
 238  1.229  0.580   7827     -1      -1   -1    -1    -1    -1    37
 239  0.124  0.697  38617  7.0e+13   405  0.8    35  0.34  0.01   220
 240  0.595  0.933  11691  7.6e+13   412  0.8     9  1.00  0.01    27
 241  0.658  0.896  46633  5.7e+13   380  0.7    37  0.20  0.01   257
 242  0.873  0.757  46493  1.8e+13   256  0.5    14  0.94  0.01    76
 243  1.568  0.338  43568  1.0e+14   458  0.9    42  0.42  0.01   136
 244  0.356  0.995  47318  1.9e+13   263  0.5     8  0.88  0.01    99
 245  0.952  0.155  32922  2.5e+14   617  1.2   105  0.07  0.01   541
 246  0.777  0.567  25862  2.5e+12   131  0.3     8  1.42  0.02    31
 247  1.497  0.576  42360  1.6e+14   532  1.0    54  0.15  0.01   187
 248  0.209  0.078  48088  4.1e+13   340  0.7    22  0.22  0.01   264
 249  0.309  0.168  46891  2.6e+13   293  0.6    24  0.44  0.01   136
 250  0.692  0.682  35307  2.4e+13   284  0.6    25  0.42  0.01    90
 251  0.901  0.809  38654  4.5e+13   348  0.7    39  0.37  0.01   176
 252  0.806  0.354  46117  5.3e+13   371  0.7    14  0.54  0.01   346
 253  1.300  0.064  46868  5.1e+12   168  0.3     8  1.12  0.02    71
 254  1.422  1.098  48070  1.9e+13   261  0.5    15  0.66  0.01   331
 255  1.440  0.602  32251  3.2e+13   312  0.6    23  0.43  0.01   219
 256  0.846  0.365  31333  5.3e+13   367  0.7    29  0.35  0.01   259
 257  0.774  0.101  36229  2.1e+16  2755  5.4    20  0.04  0.01   213
 258  0.295  0.503  46753  3.2e+14   678  1.3    22  0.12  0.01   302
 259  0.215  0.742  46999  1.5e+13   243  0.5     9  0.89  0.02   108
 260  0.479  0.645  29807  8.0e+14   915  1.8   272  0.10  0.01   422
 261  0.514  0.451  39004  4.8e+13   357  0.7    34  0.37  0.01   278
 262  0.218  0.452  47044  1.2e+14   484  0.9    32  0.40  0.01   123
 263  0.895  0.772  26342  2.6e+13   290  0.6    13  0.91  0.01    77
 264  0.448  0.325  29927  2.0e+13   265  0.5    21  0.27  0.01   132
 265  0.779  0.642  34218  1.5e+13   239  0.5    10  0.96  0.02    83
 266  0.232  1.002  10827  4.6e+13   347  0.7    15  1.12  0.01    20
 267  0.581  0.625  40146  9.7e+13   453  0.9    41  0.41  0.01   139
 268  0.904  0.087  38554  1.8e+14   558  1.1    56  0.16  0.01   189
 269  1.147  0.540  36433  4.6e+13   351  0.7     0  0.80  0.01    91
 270  1.370  1.174  44616  1.4e+14   511  1.0    49  0.31  0.01   135
 271  1.054  0.045  32172  8.3e+13   428  0.9    21  0.16  0.01   235
 272  1.449  0.109  32964  2.1e+14   584  1.2    12  0.54  0.01   152
 273  0.826  0.768  46018  1.3e+14   495  1.0    33  0.22  0.01   221
 274  0.008  0.597  24615  1.4e+14   513  1.0    35  0.45  0.01    93
 275  0.598  0.021  12362  2.5e+13   283  0.6     8  1.09  0.01    36
 276  1.507  1.085  31400  6.8e+13   401  0.8    24  0.54  0.01    78
 277  0.459  0.322  35007  5.0e+13   362  0.7    25  0.38  0.01   109
 278  0.798  0.460  45812  3.3e+13   316  0.6    10  0.84  0.01    86
 279  0.290  0.994  28616     -1      -1   -1    -1    -1    -1    92
 280  0.825  0.553  15221  1.8e+14   551  1.1    38  0.22  0.01    72
 281  0.470  0.333  41600  9.7e+13   454  0.9    30  0.21  0.01   173
 282  0.473  0.980  22451  9.3e+13   443  0.9    12  0.99  0.01    23
 283  0.815  1.382  28058  8.6e+13   432  0.9    36  0.30  0.01    63
 284  0.859  0.015  18697  1.1e+14   465  0.9    32  0.42  0.01    69
 285  0.264  0.164  40807  2.9e+14   652  1.3   129  0.08  0.01   372
 286  1.202  0.504  42350  9.6e+13   452  0.9    36  0.23  0.01   167
 287  0.283  0.949  36355  9.5e+13   449  0.9    30  0.33  0.01   102
 288  1.153  0.458  47036  1.1e+14   476  0.9    17  0.35  0.01   114
 289  1.134  0.209  20944  4.2e+13   339  0.7    17  0.86  0.01    74
 290  0.742  0.586  36141  4.4e+13   347  0.7    19  0.36  0.01   128
 291  0.965  0.650  49101  2.6e+13   294  0.6     0  0.74  0.01   170
 292  0.701  0.502  38954  1.7e+14   548  1.1    63  0.20  0.01   129
 293  1.489  0.133  34393  4.9e+13   359  0.7    27  0.22  0.01   161
 294  0.210  0.687  26055  4.7e+14   764  1.5   203  0.09  0.01   333
 295  1.518  0.197  48997  7.3e+13   413  0.8    12  0.53  0.01   305
 296  1.562  0.160  44443  7.9e+13   424  0.8    15  0.56  0.01   245
 297  0.867  0.934  22510  1.0e+14   461  0.9    37  0.18  0.01    71
 298  0.156  0.691  28705  5.7e+13   376  0.8    22  0.25  0.01   104
 299  0.720  1.143  41966  1.3e+14   505  1.0    21  0.43  0.01    35
 300  0.211  1.171  45280     -1      -1   -1    -1    -1    -1   127
 301  0.773  0.101  40000  6.6e+13   399  0.8    51  0.18  0.01   248
 302  1.178  1.274  26094  7.2e+13   407  0.8    27  0.13  0.01   117
 303  1.300  1.321  24755  5.3e+13   367  0.7    16  0.23  0.01    55
 304  1.287  0.896  46565     -1      -1   -1    -1    -1    -1   264
 305  1.121  0.013  36733  5.5e+13   373  0.7    32  0.30  0.01   139
 306  0.132  0.243  38110  6.0e+13   385  0.8    28  0.16  0.01   326
 307  0.006  0.319  47803  6.1e+11    83  0.2     3  1.28  0.03   129
 308  1.539  0.119  44154  1.2e+14   490  1.0    46  0.18  0.01   287
 309  1.360  1.001  40634  1.4e+13   236  0.5    12  0.99  0.02    70
 310  0.408  0.248  46680  6.8e+13   403  0.8    43  0.29  0.01   318
 311  0.629  0.017  22933  1.6e+13   243  0.5    14  1.03  0.02    60
 312  1.563  0.531  40786  1.2e+14   481  0.9    45  0.14  0.01   133
 313  0.448  0.480  37966  9.8e+13   453  0.9    11  0.71  0.01    91
 314  0.391  0.674  29839     -1      -1   -1    -1    -1    -1   144
 315  0.005  1.092  44865  1.2e+14   484  0.9    45  0.50  0.01   130
 316  0.688  1.217  32473  4.6e+13   351  0.7    19  0.61  0.01   121
 317  0.729  0.768  35098  2.0e+14   577  1.1    61  0.39  0.01   143
 318  0.546  0.788  42403  4.7e+13   356  0.7    19  0.38  0.01   171
 319  0.394  0.037  37883  7.1e+13   408  0.8    20  0.36  0.01   217
 320  0.426  0.547  46267  1.0e+14   463  0.9    45  0.14  0.01   216
 321  0.193  0.750  25188  3.0e+13   304  0.6    14  1.05  0.01    35
 322  1.363  1.509  44466  2.5e+13   289  0.6    30  0.42  0.01    37
 323  0.599  1.080  43154  1.5e+14   520  1.0    57  0.30  0.01   118
 324  0.930  0.772  39172  3.1e+13   308  0.6    23  0.48  0.01   110
 325  0.365  1.379  11847  1.1e+14   461  0.9    27  0.15  0.01    32
 326  1.046  0.401  47452  2.3e+13   282  0.6    11  0.75  0.01   170
 327  0.958  0.188  33922  7.9e+13   421  0.8    28  0.29  0.01   186
 328  0.139  0.692  44359  4.0e+13   337  0.7    20  0.29  0.01   253
 329  0.082  1.116  45267  5.9e+13   384  0.7    29  0.30  0.01    93
 330  0.155  1.145  44892  2.5e+14   623  1.2   137  0.18  0.01   221
 331  0.795  0.092  42057  1.2e+12   105  0.2     4  1.01  0.02   326
 332  1.367  0.898  45214  1.2e+14   490  1.0    47  0.36  0.01   203
 333  0.221  0.194  39513  3.5e+13   320  0.6    14  0.54  0.01   507
 334  0.284  0.531  45857  2.7e+13   294  0.6    20  0.20  0.01   340
 335  0.501  1.296  48744  3.8e+13   333  0.6    13  0.95  0.01    42
 336  1.076  0.772  44101  1.3e+14   506  1.0    44  0.23  0.01   170
 337  0.951  0.417  44378  2.5e+13   287  0.6    19  0.57  0.01   152
 338  0.036  0.427  30312  1.7e+14   547  1.1    38  0.16  0.01   156
 339  1.355  1.257  24419  1.3e+14   492  1.0    42  0.30  0.01    92
 340  0.317  0.214  40953  4.1e+13   339  0.7     0  0.73  0.01   141
 341  0.021  0.724  27314  5.4e+13   370  0.7    25  0.22  0.01    80
 342  0.374  0.359  34461  2.3e+14   605  1.2    67  0.20  0.01   197
 343  0.133  0.325  33588  2.7e+13   295  0.6     0  1.00  0.01    44
 344  1.453  0.061  45379  2.2e+13   274  0.5    10  0.75  0.01   186
 345  1.168  0.254  49582     -1      -1   -1    -1    -1    -1   206
 346  0.450  1.133  46002  1.6e+13   247  0.5    12  0.93  0.02    87
 347  0.146  0.641  34967  8.2e+13   426  0.8    24  0.28  0.01   104
 348  0.420  0.973  33324  1.2e+14   479  0.9    44  0.28  0.01   118
 349  0.631  0.763  38559  8.1e+13   426  0.8    31  0.27  0.01   111
 350  1.542  0.178  46490  1.3e+13   230  0.4    13  0.67  0.02   410
 351  0.277  0.971  29166  3.2e+13   309  0.6     0  0.85  0.01    92
 352  1.316  1.337  36190  6.3e+13   390  0.8    16  0.40  0.01    45
 353  0.839  0.151  30486  6.0e+13   383  0.8     0  0.73  0.01   118
 354  0.394  0.089  37039     -1      -1   -1    -1    -1    -1   143
 355  1.105  0.466  24943  6.3e+13   390  0.8    18  0.26  0.01    71
 356  0.930  0.941  42750  2.9e+13   304  0.6    17  0.40  0.01    97
 357  1.056  0.662  44543  1.4e+13   236  0.5    14  1.01  0.02    64
 358  1.456  0.884  29891  2.7e+13   294  0.6    12  1.04  0.01    38
 359  0.134  0.749  42728  8.6e+13   435  0.9     0  0.72  0.01    86
 360  0.243  1.307  31841  2.4e+13   282  0.6    16  0.77  0.01    38
 361  0.922  0.793  32996  3.0e+13   303  0.6    18  0.54  0.01    54
 362  1.495  0.464   6260  2.2e+14   589  1.2    48  0.13  0.01    61
 363  1.070  0.161  30953  2.2e+14   592  1.2    84  0.27  0.01   234
 364  0.727  0.091  49123  5.1e+12   169  0.3     8  0.93  0.02   177
 365  0.687  0.278  49311  1.7e+13   254  0.5    24  0.26  0.02   165
 366  1.505  0.264  33729  2.3e+14   606  1.2    76  0.13  0.01   351
 367  0.238  0.165  25261  1.1e+14   473  0.9    37  0.18  0.01   118
 368  0.268  0.289  45229     -1      -1   -1    -1    -1    -1   402
 369  0.551  0.229  26902  1.3e+14   499  1.0    36  0.24  0.01   147
 370  0.601  0.468  43704  3.8e+13   330  0.6    21  0.33  0.01   235
 371  0.960  0.014  32852  8.9e+13   438  0.9    11  0.61  0.01   172
 372  0.853  0.456  37582  3.3e+13   316  0.6    13  0.77  0.01   127
 373  1.543  0.516  49151  3.7e+13   330  0.6    15  0.71  0.01   156
 374  1.013  0.394  47078  2.8e+12   137  0.3    10  1.03  0.02   166
 375  0.815  0.955  32256  2.3e+13   280  0.6    20  0.40  0.01    98
 376  0.693  0.898  47922  4.0e+14   730  1.4   136  0.08  0.01   458
 377  0.495  0.108  37001  2.7e+14   638  1.3    84  0.17  0.01   329
 378  0.801  0.659  49544  7.1e+12   189  0.4     8  0.89  0.02   175
 379  1.475  1.203  39542  7.3e+13   412  0.8    24  0.67  0.01    58
 380  0.574  0.639  48178  2.8e+13   299  0.6     9  0.87  0.01    81
 381  1.527  0.288  34575  6.7e+13   399  0.8    21  0.17  0.01   252
 382  0.359  0.948  25682     -1      -1   -1    -1    -1    -1    59
 383  1.339  0.808  30528  1.1e+13   216  0.4    11  1.13  0.02    45
 384  1.234  0.729  38329  1.4e+14   506  1.0    49  0.22  0.01   223
 385  0.006  0.077  27190  3.8e+13   329  0.7    11  0.96  0.01    47
 386  0.143  0.702  32594  4.9e+13   359  0.7    15  0.74  0.01   126
 387  0.146  0.197  32036  9.6e+13   450  0.9    28  0.37  0.01   135
 388  0.706  0.354  45381  3.9e+13   333  0.7    21  0.21  0.01   201
 389  0.066  0.363  28350  4.9e+14   775  1.5    12  0.45  0.01   161
 390  0.926  0.508  45465  1.7e+14   554  1.1    18  0.30  0.01   174
 391  1.023  1.247  46129  3.4e+13   320  0.6    17  0.33  0.01    71
 392  0.566  0.263  46571  1.4e+13   237  0.5    11  0.75  0.02   243
 393  0.829  1.186  34510  8.9e+13   439  0.9    29  0.42  0.01    49
 394  0.729  0.608  35904  5.9e+13   382  0.8    11  0.72  0.01   118
 395  0.970  0.568  46588  6.9e+13   405  0.8    10  0.63  0.01   165
 396  1.541  0.278  20464  8.8e+12   200  0.4    10  1.21  0.02    37
 397  1.129  0.028  10227  6.7e+13   395  0.8    30  0.37  0.01    33
 398  1.192  0.127  43541  2.6e+13   291  0.6    16  0.22  0.01   246
 399  0.058  1.184  49674  1.9e+13   261  0.5    14  1.04  0.01    42
 400  1.069  0.203  31226  4.2e+13   340  0.7    25  0.39  0.01   118
 401  0.671  0.588  22333  5.2e+12   168  0.3     4  1.31  0.02    32
 402  0.930  1.086  30764  1.6e+13   244  0.5    15  1.10  0.02    41
 403  1.094  0.580  39099  1.3e+14   505  1.0    75  0.14  0.01   179
 404  1.269  0.116  43867  8.4e+13   433  0.8     0  0.63  0.01   150
 405  1.398  0.934  38349  3.2e+13   312  0.6    15  0.78  0.01   125
 406  0.314  0.464  40203  6.7e+13   399  0.8    15  0.75  0.01    91
 407  0.730  0.171  38669  1.2e+14   485  1.0    69  0.16  0.01   270
 408  1.401  0.392  44063  3.2e+14   680  1.3   124  0.09  0.01   454
 409  0.342  0.958  28008  1.3e+14   491  1.0     0  0.77  0.01    58
 410  1.215  0.401  43792  3.9e+13   334  0.7    11  0.82  0.01    84
 411  0.499  0.001  42670  4.3e+15  1628  3.1    49  0.08  0.01   113
 412  0.181  0.245  38145  2.4e+14   614  1.2    90  0.15  0.01   287
 413  0.800  0.580  49856  1.6e+13   246  0.5    14  0.87  0.02   119
 414  1.072  0.404  40089  8.7e+13   437  0.9    23  0.24  0.01   104
 415  0.385  1.300  22425  1.3e+13   231  0.5    12  1.28  0.02    20
 416  0.166  0.569  46314  2.0e+14   578  1.1    57  0.27  0.01   198
 417  0.387  0.146  36696  5.4e+14   805  1.6    23  0.13  0.01   169
 418  0.300  0.077  39767  1.1e+14   473  0.9    25  0.27  0.01   131
 419  1.425  0.835  31337  5.3e+13   369  0.7    16  0.25  0.01    53
 420  0.078  0.882  32552  8.8e+13   436  0.9    18  0.19  0.01   106
 421  0.349  0.486  47140  3.5e+13   323  0.6    20  0.22  0.01   164
 422  0.396  1.026  45742  1.7e+14   552  1.1    82  0.21  0.01   179
 423  0.216  0.882  35748  5.1e+11    78  0.2     5  1.51  0.03    53
 424  0.069  1.173  35106  8.2e+13   427  0.8    15  0.82  0.01    54
 425  0.612  0.668  40026  9.1e+13   443  0.9    36  0.21  0.01   162
 426  0.106  0.938  23533  4.9e+13   358  0.7    20  0.63  0.01    70
 427  0.283  0.520  46063  9.7e+13   454  0.9    43  0.14  0.01   369
 428  1.171  0.252  49531  9.9e+12   211  0.4    15  0.82  0.02   211
 429  0.315  0.301  44477  7.0e+13   406  0.8    31  0.20  0.01   192
 430  0.878  1.028  25726  1.2e+14   482  1.0    37  0.63  0.01   106
 431  0.462  0.323  41546  3.8e+13   332  0.7    10  0.69  0.01   181
 432  0.631  0.066  41223  7.7e+13   419  0.8    45  0.18  0.01   286
 433  0.977  0.216  33927  2.4e+14   609  1.2   113  0.11  0.01   376
 434  0.865  0.838  24676  8.6e+12   199  0.4     7  1.14  0.02    53
 435  0.411  0.587  32595  1.1e+14   472  0.9    29  0.27  0.01   136
 436  0.282  0.530  24674  1.2e+14   477  1.0    48  0.14  0.01   101
 437  0.461  0.089  36752  1.0e+14   464  0.9    32  0.42  0.01   209
 438  0.167  1.027  46942     -1      -1   -1    -1    -1    -1    92
 439  0.435  0.339  40847  1.8e+14   558  1.1    69  0.24  0.01   232
 440  0.180  0.801  39946  3.2e+13   313  0.6    12  0.91  0.01    63
 441  0.692  0.387  44656  1.6e+14   539  1.0    84  0.17  0.01   354
 442  0.838  0.742  45869  1.3e+14   495  1.0    16  0.16  0.01   194
 443  1.343  0.123  32547  3.6e+13   324  0.6    44  0.30  0.01   125
 444  0.072  0.592  34906  1.2e+14   485  1.0    41  0.49  0.01   129
 445  1.498  0.058  49032  8.3e+13   432  0.8    17  0.16  0.01   175
 446  0.551  0.355  44795  8.0e+13   426  0.8    35  0.20  0.01   269
 447  0.861  0.165  27268  6.1e+13   385  0.8    21  0.36  0.01    71
 448  1.198  0.533  39480  1.2e+13   227  0.4    13  0.97  0.02    85
 449  0.528  0.622  40864  1.2e+14   491  1.0    47  0.16  0.01   431
 450  0.987  0.667  49091  5.9e+13   386  0.7    31  0.21  0.01   164
 451  0.988  1.188  40654  2.7e+14   641  1.3   103  0.31  0.01   188
 452  1.441  0.094  45046  6.1e+13   390  0.8    35  0.27  0.01   200
 453  0.757  0.209  38309  8.9e+13   440  0.9    44  0.25  0.01   180
 454  0.803  0.522  24308  2.0e+14   572  1.1    76  0.38  0.01   176
 455  1.426  0.206  42997  9.9e+13   457  0.9    10  0.56  0.01   203
 456  0.026  1.183  33938  1.2e+14   486  1.0    50  0.25  0.01    94
 457  0.713  0.713  48565  7.4e+13   416  0.8    36  0.19  0.01   225
 458  0.460  1.425  41109  1.5e+14   525  1.0    70  0.18  0.01   105
 459  0.194  1.053  45270  1.0e+14   463  0.9    35  0.23  0.01   152
 460  0.986  0.147  31938  2.2e+14   596  1.2   102  0.20  0.01   189
 461  0.021  0.106  26979  1.7e+14   542  1.1    56  0.24  0.01   138
 462  0.408  0.120  40217  4.4e+13   347  0.7    33  0.26  0.01   235
 463  0.398  0.484  37431  1.1e+14   465  0.9    38  0.48  0.01   128
 464  0.337  0.300  47864  7.9e+13   424  0.8    29  0.13  0.01   271
 465  0.293  0.309  44639  2.6e+13   291  0.6    23  0.24  0.01   179
 466  0.028  0.336  41903  7.1e+13   409  0.8    44  0.15  0.01   219
 467  1.178  0.518  29585  5.5e+14   807  1.6   147  0.09  0.01   316
 468  0.704  0.459  24774  2.3e+14   600  1.2    83  0.15  0.01   129
 469  1.254  0.101  43977  1.2e+14   488  1.0    48  0.35  0.01   209
 470  1.501  0.681  41556  1.9e+14   563  1.1    61  0.18  0.01   131
 471  0.301  0.026  48677  1.3e+14   496  1.0    38  0.44  0.01   183
 472  0.961  0.505  29169  1.3e+14   503  1.0    74  0.20  0.01   197
 473  0.113  0.474  49130  6.9e+13   406  0.8    48  0.24  0.01   204
 474  0.631  0.216  42481  1.7e+14   548  1.1    72  0.23  0.01   228
 475  0.240  1.153  45334  1.2e+14   490  1.0    59  0.24  0.01   157
 476  1.438  1.062  13610  1.8e+14   548  1.1    60  0.15  0.01    79
 477  1.255  0.614  24609  2.2e+14   590  1.2   113  0.13  0.01   203
 478  1.069  0.176  30990  9.5e+13   448  0.9    33  0.25  0.01   256
 479  0.039  0.029  25857  8.5e+13   430  0.9    21  0.48  0.01    70
 480  0.867  0.420  21220  3.2e+14   668  1.3    75  0.20  0.01   190
 481  0.440  0.451  36078  1.2e+14   486  1.0    41  0.24  0.01   191
 482  0.785  0.666  49574  1.1e+14   477  0.9    46  0.20  0.01   167
 483  0.464  0.583  29788  1.8e+14   559  1.1    38  0.21  0.01    94
 484  1.498  0.159  44569  1.5e+14   523  1.0    44  0.23  0.01   191
 485  1.081  0.244  33275  1.6e+14   536  1.1    62  0.25  0.01   260
 486  0.740  0.775  41143  3.5e+14   700  1.4   104  0.14  0.01   215
 487  0.782  0.100  36242  1.3e+14   494  1.0    40  0.19  0.01   215
 488  0.112  0.710  38347  5.9e+13   383  0.8    40  0.24  0.01   209
 489  0.869  0.155  40797  1.5e+14   524  1.0    51  0.38  0.01   253
 490  0.341  0.602  48789  7.1e+13   410  0.8    25  0.36  0.01   148
 491  0.980  1.213  45482  1.7e+14   548  1.1    65  0.22  0.01   177
 492  0.263  0.039  49259  8.8e+13   440  0.9    52  0.30  0.01   292
 493  0.288  0.562  43299  3.5e+13   322  0.6    22  0.27  0.01   291
 494  0.461  0.147  46803  1.2e+14   491  1.0    59  0.16  0.01   204
 495  1.528  0.920  49680  6.7e+13   402  0.8    42  0.51  0.01   150
 496  0.855  0.011  47262  1.4e+14   517  1.0    52  0.17  0.01   368
 497  0.630  0.818  36367  1.9e+14   563  1.1    64  0.23  0.01   220
 498  1.024  0.600  47723  3.4e+13   320  0.6     0  0.80  0.01    99
 499  0.930  1.320  26567  1.5e+14   517  1.0    54  0.20  0.01    94
 500  1.070  1.425  46750  1.1e+14   470  0.9    58  0.21  0.01   100
 501  0.099  0.589  35048  1.5e+13   243  0.5     0  0.99  0.02    70
 502  1.556  0.011  49084  1.6e+14   534  1.0    70  0.36  0.01   190
 503  0.866  0.789  39475  1.2e+14   483  0.9    33  0.39  0.01   192
 504  0.384  0.086  37190  4.8e+13   358  0.7    27  0.29  0.01   117
 505  0.269  0.537  32060  1.4e+14   507  1.0    54  0.16  0.01   147
 506  0.264  0.879  29974  1.1e+14   472  0.9    29  0.30  0.01    71
 507  1.567  0.192  46387  2.1e+14   588  1.1    98  0.19  0.01   218
 508  1.060  0.421  47727  1.2e+14   487  0.9    66  0.24  0.01   150
 509  1.506  1.225  40538  1.8e+14   560  1.1    65  0.24  0.01   180
 510  0.753  0.387  45275     -1      -1   -1    -1    -1    -1   310
 511  0.055  0.018  45158  1.0e+14   459  0.9    38  0.50  0.01   244
 512  1.409  0.075  33992  5.3e+13   368  0.7    25  0.16  0.01   119
 513  0.014  0.613  44770  1.6e+14   533  1.0    57  0.17  0.01   156
 514  0.307  0.725  35345  3.2e+14   672  1.3    60  0.13  0.01   283
 515  0.266  0.014  31597  8.6e+13   433  0.9    28  0.51  0.01   101
 516  0.126  0.088  48929  7.3e+13   414  0.8    41  0.36  0.01   207
 517  1.375  0.789  24530  1.5e+14   522  1.0    32  0.24  0.01    74
 518  1.445  0.117  33203     -1      -1   -1    -1    -1    -1   195
 519  1.098  0.784  19525  1.3e+14   495  1.0    45  0.44  0.01    77
 520  0.631  0.261  33897  4.3e+13   343  0.7    21  0.29  0.01   149
 521  1.032  0.562  41105  8.8e+13   438  0.9    51  0.19  0.01   225
 522  0.643  0.246  42740  3.3e+13   317  0.6    24  0.27  0.01   225
 523  0.466  0.219  45751  7.3e+13   413  0.8    46  0.17  0.01   330
 524  1.158  0.199  45019  2.6e+14   636  1.2   115  0.11  0.01   328
 525  0.792  0.607  38079  8.9e+13   439  0.9    30  0.30  0.01   120
 526  1.398  1.183  44746  6.8e+13   403  0.8    41  0.28  0.01    88
 527  0.253  0.141  34549  1.0e+14   459  0.9    43  0.46  0.01   210
 528  1.530  0.730  24142  3.1e+14   661  1.3   101  0.14  0.01   155
 529  1.219  1.255  26534  3.9e+14   720  1.4   140  0.09  0.01   208
 530  1.055  0.317  31909  1.1e+14   466  0.9    28  0.23  0.01   132
 531  1.377  0.221  37340  1.9e+14   563  1.1    37  0.22  0.01   103
 532  0.649  0.823  35358  5.2e+13   367  0.7    34  0.20  0.01   299
 533  0.893  0.435  32124  9.5e+13   448  0.9    26  0.37  0.01   136
 534  1.111  0.404  49797  5.3e+13   371  0.7    35  0.14  0.01   477
 535  1.216  1.245  26707  1.1e+14   471  0.9    47  0.14  0.01   211
 536  0.141  0.125  39690  1.2e+14   492  1.0    34  0.36  0.01   221
 537  0.954  0.163  32961  1.3e+14   501  1.0    57  0.12  0.01   531
 538  0.281  0.033  29069  1.5e+14   523  1.0    45  0.27  0.01   117
 539  1.092  0.554  27365  1.3e+14   501  1.0    53  0.20  0.01   144
 540  0.388  0.549  35285  1.5e+14   526  1.0    44  0.21  0.01   177
 541  0.499  0.055  49663  3.9e+13   335  0.6    19  0.22  0.01   133
 542  0.915  0.012  32452  5.6e+13   375  0.7    26  0.47  0.01   114
 543  1.210  0.817  24001  4.5e+13   348  0.7    33  0.38  0.01   149
 544  1.268  0.192  48632  9.8e+13   457  0.9    35  0.13  0.01   274
 545  0.032  0.105  43874  5.2e+13   368  0.7    28  0.25  0.01   175
 546  0.219  0.110  35138  1.0e+14   459  0.9    47  0.43  0.01   194
 547  0.550  0.078  33370  1.5e+14   527  1.0    69  0.24  0.01   189
 548  0.813  0.127  29593  1.7e+13   250  0.5    19  0.59  0.02   124
 549  0.563  0.373  45255  1.3e+14   506  1.0    72  0.21  0.01   322
 550  0.706  0.995  39837  7.1e+13   407  0.8    32  0.48  0.01   159
 551  0.563  0.266  25087  1.9e+14   568  1.1    61  0.21  0.01   167
 552  0.627  1.191  49481  1.2e+13   223  0.4    15  0.97  0.02    86
 553  0.084  0.255  45241  1.9e+14   568  1.1    63  0.16  0.01   227
 554  0.229  0.203  40977     -1      -1   -1    -1    -1    -1   451
 555  1.284  0.521  40034  7.1e+13   407  0.8    32  0.26  0.01   183
 556  0.858  0.015  47318  1.5e+14   527  1.0    67  0.14  0.01   440
 557  0.600  0.755  40910  5.6e+13   377  0.7    38  0.19  0.01   182
 558  0.074  0.240  37615  4.7e+13   355  0.7    37  0.23  0.01   212
 559  0.930  1.190  40948  7.6e+13   417  0.8    29  0.35  0.01   108
 560  1.544  0.173  46075  1.7e+14   549  1.1    44  0.12  0.01   475
 561  1.418  1.094  47965  5.1e+13   367  0.7    32  0.16  0.01   314
 562  0.390  0.215  47633  1.1e+14   473  0.9    28  0.16  0.01   302
 563  0.646  0.292  49235  5.8e+13   383  0.7    37  0.15  0.01   180
 564  0.609  0.414  43938  4.5e+13   350  0.7    24  0.30  0.01   165
 565  1.507  0.004  46547  1.1e+14   469  0.9    33  0.32  0.01   115
 566  0.087  0.113  22017  7.9e+13   419  0.8    29  0.44  0.01    64
 567  0.923  0.191  29608  7.4e+13   411  0.8    32  0.33  0.01   107
 568  0.463  0.165  36447  6.6e+13   398  0.8    27  0.36  0.01   114
 569  0.820  0.210  38795  2.2e+13   273  0.5    26  0.37  0.01   175
 570  1.115  0.402  49882  1.4e+14   518  1.0    65  0.10  0.01   450
 571  0.990  0.360  48516  1.8e+14   563  1.1    78  0.12  0.01   233
 572  1.303  0.900  46279  3.1e+15  1462  2.8    25  0.04  0.01   604
 573  0.637  0.078  49134  1.6e+14   541  1.0    73  0.06  0.01   330
 574  1.291  0.337  44651  5.6e+13   378  0.7    29  0.28  0.01   154
 575  1.091  0.235  49509  9.3e+12   207  0.4    14  0.84  0.02   192
 576  1.235  0.316  40812  5.0e+13   362  0.7    27  0.24  0.01   286
 577  0.346  1.104  45378  8.0e+13   426  0.8    27  0.34  0.01    88
 578  1.154  1.011  30868  7.6e+13   415  0.8    33  0.27  0.01    75
 579  1.238  0.286  49069  9.1e+13   446  0.9    51  0.09  0.01   314
 580  1.298  1.192  47093  4.6e+13   354  0.7    24  0.55  0.01    82
 581  0.868  0.612  14880  1.3e+14   497  1.0    36  0.29  0.01    69
 582  0.851  0.779  39520  6.0e+13   386  0.8    23  0.31  0.01   206
 583  0.717  0.233  42618  8.1e+13   428  0.8    34  0.20  0.01   169
 584  1.042  0.910  20022  5.5e+13   371  0.8    26  0.20  0.01   149
 585  0.050  1.379  48244  3.0e+12   142  0.3    14  1.13  0.02    93
 586  0.219  1.154  45319  1.3e+14   499  1.0    37  0.35  0.01   123
 587  0.847  1.106  32637  2.1e+14   588  1.2    78  0.23  0.01   200
 588  1.307  0.912  46047  4.4e+14   754  1.5   117  0.08  0.01   320
 589  0.562  1.180  32232  3.1e+14   664  1.3   146  0.09  0.01   215
 590  0.952  0.024  48446  1.4e+14   514  1.0    59  0.14  0.01   214
 591  0.720  0.455  24842  2.7e+13   294  0.6     0  0.85  0.01   107
 592  0.918  1.309  35112  9.2e+13   443  0.9    46  0.36  0.01    71
 593  0.491  0.218  45433  1.0e+14   464  0.9    43  0.30  0.01   256
 594  0.263  0.253  45133  3.8e+13   331  0.6    25  0.31  0.01   272
 595  0.520  0.454  31368  1.6e+14   535  1.1    50  0.41  0.01   171
 596  0.154  0.087  32050  1.4e+14   507  1.0    44  0.36  0.01   131
 597  0.803  0.094  42029  8.9e+13   441  0.9    42  0.18  0.01   284
 598  0.282  0.493  47931  2.7e+14   644  1.2    36  0.11  0.01   244
 599  1.303  0.599  24674  5.9e+13   381  0.8    14  0.75  0.01   109
 600  0.256  0.947  48917  4.3e+13   346  0.7    29  0.37  0.01   138
 601  0.603  0.265  45123  1.7e+14   547  1.1    52  0.19  0.01   217
 602  1.011  0.628  47670  1.2e+14   493  1.0    42  0.15  0.01   278
 603  0.869  0.795  33635  4.5e+13   350  0.7    18  0.43  0.01   101
 604  0.693  0.305  34708  2.2e+14   595  1.2    29  0.18  0.01   214
 605  0.189  0.103  48050  1.2e+14   487  0.9    49  0.38  0.01   213
 606  1.156  0.089  42082  7.5e+13   416  0.8    31  0.25  0.01   148
 607  0.119  0.442  48609  5.1e+13   367  0.7    25  0.11  0.01   250
 608  1.447  0.127  33298  8.1e+13   424  0.8    34  0.26  0.01   166
 609  1.213  0.597   7922  3.9e+13   328  0.7    26  0.22  0.01    56
 610  0.265  0.964  30210  2.3e+14   599  1.2    96  0.11  0.01   177
 611  0.599  0.100  41920     -1      -1   -1    -1    -1    -1   108
 612  0.493  0.440  39240  8.3e+13   429  0.8    36  0.22  0.01   229
 613  1.289  0.395  46592  3.2e+13   311  0.6    27  0.32  0.01   133
 614  0.474  0.079  36616  4.7e+13   355  0.7    29  0.46  0.01   198
 615  0.241  0.219  38124  9.0e+13   441  0.9    56  0.21  0.01   401
 616  0.098  0.160  38523  8.6e+13   435  0.9    43  0.24  0.01   171
 617  0.291  0.741  35507  1.1e+14   471  0.9    63  0.20  0.01   249
 618  1.472  1.129  36428  5.1e+13   364  0.7    32  0.37  0.01   130
 619  0.387  0.851  48732  1.0e+14   465  0.9    70  0.08  0.01   213
 620  1.202  1.339  35075  7.8e+13   421  0.8    50  0.24  0.01    93
 621  0.081  0.126  49570  8.7e+13   439  0.8    43  0.12  0.01   236
 622  1.027  0.459   1781  2.0e+14   568  1.2    31  0.29  0.01    31
 623  0.095  0.012  45393  4.1e+13   340  0.7    27  0.41  0.01   251
 624  0.516  0.313  43946  1.6e+14   535  1.0    46  0.24  0.01   214
 625  1.377  1.304  48894  8.6e+13   437  0.8    35  0.21  0.01    87
 626  0.124  0.779  33185  1.2e+13   221  0.4    20  0.59  0.02   175
 627  0.210  0.031  31299  6.7e+13   398  0.8    33  0.34  0.01   149
 628  0.470  0.371  33712  2.7e+13   294  0.6    16  0.65  0.01    97
 629  0.417  0.530  36594  1.1e+14   475  0.9    41  0.18  0.01   233
 630  0.854  0.936  45862  1.3e+14   505  1.0    38  0.24  0.01   136
 631  0.161  0.088  48291  4.3e+14   753  1.5   224  0.07  0.01   535
 632  0.413  0.547  46431  8.0e+13   427  0.8    33  0.15  0.01   222
 633  0.280  1.006  27815  7.3e+13   409  0.8    26  0.31  0.01    65
 634  0.363  0.535  44185  4.3e+13   344  0.7    26  0.30  0.01   181
 635  0.162  0.326  33794     -1      -1   -1    -1    -1    -1   162
 636  0.498  0.190  33793  9.6e+13   449  0.9    40  0.18  0.01   218
 637  0.263  0.184  39728  1.8e+14   556  1.1    71  0.13  0.01   318
 638  1.170  0.199  44909  3.0e+13   305  0.6    24  0.20  0.01   399
 639  0.457  0.672  27435  1.1e+14   466  0.9    28  0.14  0.01   134
 640  0.980  0.839  45083  8.6e+13   435  0.8    37  0.54  0.01   162
 641  0.123  0.769  47190  7.5e+13   417  0.8    35  0.31  0.01   205
 642  1.101  0.837  46464  5.6e+13   378  0.7    27  0.36  0.01   138
 643  0.975  1.033  31236  1.5e+12   112  0.2     3  1.32  0.02    64
 644  0.546  0.392  44221  1.3e+14   504  1.0    46  0.16  0.01   293
 645  1.038  1.014  22808  7.8e+13   418  0.8    23  0.25  0.01    98
 646  1.034  0.044  32193  2.0e+14   576  1.1   100  0.15  0.01   307
 647  1.560  0.670  24387  3.2e+14   674  1.3    98  0.16  0.01   199
 648  0.184  1.463  35378  2.9e+14   650  1.3    76  0.21  0.01   105
 649  0.453  0.670  27495  1.5e+14   520  1.0    32  0.13  0.01   131
 650  0.808  1.486  29339  3.9e+13   332  0.7    26  0.32  0.01    33
 651  0.900  1.055  22026  7.0e+13   402  0.8    33  0.43  0.01    63
 652  0.092  1.176  42675  9.2e+13   445  0.9    59  0.31  0.01   126
 653  1.254  0.446  43468  1.0e+14   461  0.9    35  0.30  0.01   184
 654  0.177  1.498  19585  8.4e+13   428  0.9    21  0.20  0.01    24
 655  1.164  0.859  37311  1.6e+14   536  1.1    44  0.25  0.01   137
 656  0.071  0.438  49482  3.1e+14   669  1.3   100  0.08  0.01   307
 657  1.537  0.424  30759  2.6e+13   288  0.6     0  0.85  0.01   108
 658  1.318  0.278  49995  1.3e+14   505  1.0    41  0.15  0.01   168
 659  0.058  0.532  35163  1.9e+14   561  1.1    70  0.18  0.01   190
 660  0.011  0.464  32736  7.8e+13   420  0.8     0  0.64  0.01   156
 661  1.426  0.382  43745  6.7e+13   401  0.8    31  0.31  0.01   231
 662  0.910  0.481  34754  2.5e+13   286  0.6     0  0.84  0.01   108
 663  1.213  0.138  43511     -1      -1   -1    -1    -1    -1   148
 664  0.151  0.558  36555  1.5e+14   527  1.0    46  0.25  0.01   164
 665  0.106  0.731  44559  1.1e+14   471  0.9    39  0.18  0.01   199
 666  1.267  0.473  43755  4.0e+13   338  0.7    26  0.33  0.01   169
 667  0.498  0.264  17697  3.7e+14   705  1.4    97  0.22  0.01   128
 668  1.200  0.123  43381  1.8e+14   559  1.1    92  0.13  0.01   260
 669  0.737  0.520  36891     -1      -1   -1    -1    -1    -1   288
 670  1.505  0.197  49103  4.6e+13   354  0.7    47  0.33  0.01   248
 671  0.772  0.450  45130     -1      -1   -1    -1    -1    -1    91
 672  0.895  0.887  14259  1.1e+14   467  1.0    47  0.25  0.01    96
 673  0.355  0.205  34850  7.1e+13   408  0.8    31  0.34  0.01   181
 674  0.028  1.426   3208  6.2e+13   384  0.8    10  1.23  0.01    10
 675  1.017  0.867  16382  6.1e+13   384  0.8    22  0.44  0.01    56
 676  1.011  0.072  39079  6.3e+13   392  0.8    30  0.37  0.01   128
 677  1.275  0.216  41473  4.5e+13   349  0.7    45  0.37  0.01   242
 678  1.273  0.567  48241  3.8e+13   333  0.6    10  0.77  0.01   108
 679  1.023  0.816  47477  4.1e+13   339  0.7    26  0.28  0.01   127
 680  0.176  0.174  39442     -1      -1   -1    -1    -1    -1   285
 681  0.470  0.257  42002  9.3e+13   446  0.9    55  0.22  0.01   231
 682  0.746  0.111  48339  6.0e+13   388  0.8    43  0.35  0.01   132
 683  1.018  1.013  46515  5.6e+13   379  0.7    41  0.47  0.01    89
 684  0.644  0.149  44021  1.2e+13   226  0.4    12  0.82  0.02   188
 685  0.051  0.387  30685  3.3e+14   677  1.3   104  0.18  0.01   209
 686  1.269  0.492  38661  7.7e+13   419  0.8    34  0.24  0.01   207
 687  1.530  1.137  36202  3.0e+14   664  1.3    91  0.26  0.01   163
 688  0.760  1.272  28803  3.6e+13   323  0.6    30  0.54  0.01    58
 689  0.428  0.969  32950  8.1e+12   196  0.4     0  1.12  0.02    55
 690  1.557  0.149  44360  4.0e+13   338  0.7    29  0.31  0.01   312
 691  0.594  0.890  27672  2.7e+13   292  0.6    26  0.67  0.01    62
 692  0.053  1.112  44785  5.4e+13   373  0.7    28  0.23  0.01   127
 693  0.140  0.248  38169  3.2e+14   678  1.3    96  0.11  0.01   297
 694  1.225  0.296  49020  7.9e+13   425  0.8    35  0.17  0.01   393
 695  0.599  0.517  38737  3.4e+13   319  0.6    27  0.43  0.01   123
 696  1.257  0.329  40622  5.4e+13   372  0.7    35  0.34  0.01   178
 697  1.014  1.035  31187  1.3e+14   501  1.0    32  0.62  0.01    69
 698  0.145  1.377  36435  7.5e+13   414  0.8    36  0.23  0.01    57
 699  0.807  1.050  24700  6.2e+13   387  0.8    30  0.39  0.01    76
 700  1.527  0.173  46719  6.5e+13   398  0.8    42  0.17  0.01   305
 701  0.281  0.981  29172  1.3e+14   501  1.0    32  0.43  0.01    90
 702  0.576  1.154  43511  2.1e+13   270  0.5    16  0.16  0.01    94
 703  1.136  0.512  38126  2.9e+13   302  0.6    21  0.38  0.01   190
 704  0.085  0.850  43984  3.5e+13   322  0.6    26  0.26  0.01   142
 705  0.486  0.274  27745  1.6e+14   532  1.1    53  0.22  0.01   149
 706  0.725  0.529  36709  1.0e+14   459  0.9     9  0.57  0.01   207
 707  1.242  0.636  41569  1.2e+14   492  1.0    39  0.35  0.01   154
 708  1.113  0.421  24968  1.8e+14   554  1.1    40  0.09  0.01   136
 709  1.431  0.607  32213  5.0e+13   361  0.7    33  0.34  0.01   218
 710  0.041  0.555  24332  9.6e+13   447  0.9    43  0.44  0.01    89
 711  0.191  1.141  22689  1.2e+14   483  1.0    46  0.27  0.01    67
 712  1.061  0.919  46492  1.5e+14   529  1.0    36  0.26  0.01   171
 713  1.134  0.398  42194  1.0e+14   457  0.9    38  0.37  0.01   129
 714  0.300  0.224  41119  9.3e+13   446  0.9    65  0.41  0.01   179
 715  0.597  0.029  41890  2.1e+13   270  0.5    10  0.63  0.01   390
 716  1.386  1.067  46468  5.4e+13   373  0.7    24  0.21  0.01   195
 717  0.947  0.932  41539  1.2e+14   484  0.9    49  0.29  0.01   142
 718  0.112  0.806  36488  1.4e+14   516  1.0    35  0.25  0.01    76
 719  0.035  1.154  42122  1.1e+14   478  0.9    11  0.74  0.01    67
 720  0.468  0.220  45694  4.7e+13   355  0.7    41  0.20  0.01   322
 721  0.495  0.618  30058  1.1e+14   470  0.9    32  0.25  0.01   144
 722  1.025  0.447  43217  3.0e+14   665  1.3   124  0.14  0.01   275
 723  0.851  0.354  31275  6.8e+13   401  0.8    28  0.27  0.01   215
 724  0.262  0.250  35970  9.9e+13   455  0.9    50  0.24  0.01   223
 725  0.816  1.116  32826  8.6e+13   434  0.9    32  0.27  0.01    91
 726  0.771  0.775  40421  1.8e+14   559  1.1    76  0.25  0.01   199
 727  1.072  0.184  30890  1.2e+14   480  1.0    45  0.31  0.01   174
 728  0.062  0.275  48308  6.7e+13   401  0.8    25  0.36  0.01   178
 729  0.383  1.179  22628  1.4e+14   506  1.0    59  0.15  0.01    96
 730  0.158  0.737  33218  7.0e+13   404  0.8    28  0.36  0.01   154
 731  1.099  1.430  46981  9.8e+13   456  0.9    46  0.16  0.01   130
 732  0.207  0.260  35963  5.5e+13   373  0.7    28  0.22  0.01   264
 733  0.836  0.367  31327  2.1e+14   584  1.2    75  0.29  0.01   234
 734  1.387  0.477  44498  5.9e+13   385  0.8    28  0.30  0.01   220
 735  0.734  0.525  36735  1.5e+14   524  1.0    54  0.21  0.01   280
 736  0.021  0.202  48121  1.8e+14   564  1.1    63  0.22  0.01   245
 737  0.958  0.167  33016  1.2e+14   487  1.0    63  0.14  0.01   506
 738  0.142  0.541  46455  1.6e+14   536  1.0    62  0.21  0.01   200
 739  0.649  0.898  46535  1.2e+14   493  1.0    34  0.18  0.01   244
 740  1.319  0.543  47733  1.1e+14   468  0.9    47  0.17  0.01   159
 741  1.424  0.363  30105  2.7e+13   292  0.6    22  0.34  0.01   116
 742  0.802  0.425  45340  6.5e+13   397  0.8    33  0.27  0.01   246
 743  0.271  0.824  37749  1.2e+14   483  1.0    48  0.25  0.01   151
 744  0.160  0.391  47050  7.0e+13   406  0.8    37  0.28  0.01   214
 745  0.833  0.275  40187  2.8e+14   650  1.3   110  0.22  0.01   325
 746  1.376  1.057  46600  1.3e+14   503  1.0    51  0.14  0.01   205
 747  0.022  0.370  46963  1.4e+14   509  1.0    49  0.23  0.01   235
 748  0.271  0.045  49254  4.1e+13   342  0.7    29  0.38  0.01   336
 749  1.133  0.242  28528  1.6e+14   537  1.1    53  0.31  0.01   127
 750  1.547  0.901  11416  1.1e+14   470  1.0    31  0.31  0.01    36
 751  1.514  1.204  37463  3.3e+13   315  0.6    14  0.88  0.01    73
 752  0.131  0.795  33053  4.9e+13   359  0.7    23  0.33  0.01   155
 753  0.046  0.893  29355  3.8e+13   329  0.7    25  0.45  0.01    69
 754  0.978  0.850  20975  1.3e+14   491  1.0    38  0.39  0.01    74
 755  0.019  0.359  40935  1.2e+14   491  1.0    69  0.22  0.01   239
 756  1.398  0.180  43568  1.3e+13   228  0.4    19  0.41  0.02   220
 757  0.287  0.523  46046  7.2e+13   411  0.8    40  0.16  0.01   375
 758  0.042  0.110  43809  2.7e+13   294  0.6    27  0.24  0.01   192
 759  0.321  0.182  35785  2.4e+14   616  1.2    38  0.18  0.01   209
 760  0.249  0.519  35638  1.4e+14   512  1.0    80  0.39  0.01   187
 761  0.793  0.023  24045  2.7e+13   293  0.6    25  0.28  0.01   218
 762  0.863  0.658  34355  6.6e+13   397  0.8    42  0.29  0.01   171
 763  1.264  0.708  44855  1.3e+14   503  1.0    34  0.21  0.01   167
 764  1.501  0.965  40980  5.3e+13   369  0.7    33  0.42  0.01    77
 765  1.047  1.007  22950  5.9e+13   380  0.8    32  0.35  0.01   111
 766  1.300  0.551  34261  5.9e+13   383  0.8    27  0.37  0.01   178
 767  0.174  0.826  47827  6.1e+13   389  0.8    27  0.27  0.01   120
 768  0.762  0.644  49165  6.2e+13   392  0.8    39  0.14  0.01   119
 769  0.018  0.367  29437  1.0e+14   460  0.9    33  0.29  0.01    74
 770  1.278  0.226  41402  9.7e+13   453  0.9    38  0.26  0.01   255
 771  0.205  0.264  35929  6.0e+13   384  0.8    36  0.24  0.01   263
 772  0.641  1.411  49586  7.0e+13   408  0.8    22  0.30  0.01    68
 773  0.543  0.958  47745  5.0e+14   790  1.5   194  0.07  0.01   402
 774  0.467  0.796  39333  5.7e+13   379  0.7    25  0.59  0.01    84
 775  0.873  0.367  46204  7.9e+13   423  0.8    47  0.25  0.01   267
 776  0.264  0.364  38624  5.1e+12   168  0.3    10  1.06  0.02    97
 777  1.125  0.380  49872  2.5e+14   623  1.2   100  0.12  0.01   380
 778  0.163  0.104  48224  1.7e+14   547  1.1    49  0.12  0.01   458
 779  0.051  0.570  24473  6.2e+13   386  0.8    10  0.76  0.01    98
 780  1.247  0.541  33364  7.5e+13   414  0.8    30  0.25  0.01   150
 781  1.315  0.649  31536  4.8e+13   356  0.7    30  0.48  0.01   132
 782  0.866  0.114  41093  1.8e+14   555  1.1    70  0.18  0.01   356
 783  1.506  0.490  39918  7.1e+13   408  0.8    44  0.34  0.01   260
 784  0.705  0.209  40921  9.3e+13   446  0.9    32  0.24  0.01   127
 785  1.434  0.902  45288  7.0e+13   407  0.8    30  0.27  0.01   108
 786  0.536  0.363  44830  5.4e+13   373  0.7    31  0.23  0.01   298
 787  0.791  0.235  38496  4.4e+14   750  1.5    37  0.13  0.01   224
 788  0.864  0.005  47251  5.6e+13   379  0.7    38  0.27  0.01   324
 789  1.515  0.803  12685  1.8e+14   548  1.1    48  0.21  0.01    83
 790  1.481  0.093  30009  1.5e+14   526  1.0    58  0.22  0.01   112
 791  0.132  0.580  35644  5.5e+13   374  0.7    31  0.45  0.01   148
 792  1.055  0.427  23632  2.9e+13   299  0.6    23  0.41  0.01    62
 793  0.858  0.423  21272  3.8e+13   328  0.7    29  0.38  0.01   176
 794  0.043  0.778  38530  7.2e+13   409  0.8    37  0.28  0.01   113
 795  0.124  0.681  44531  1.2e+14   482  0.9    60  0.17  0.01   264
 796  0.388  0.147  49388  9.8e+13   456  0.9    30  0.19  0.01   169
 797  0.634  0.987  40967  4.7e+13   355  0.7    26  0.36  0.01   113
 798  0.987  0.735  13995  7.2e+13   406  0.8    25  0.21  0.01    68
 799  0.510  0.839  20385  9.8e+13   450  0.9    30  0.33  0.01    51
 800  0.888  0.872  26594  4.3e+13   342  0.7    23  0.49  0.01    68
 801  0.969  0.686  37018  1.4e+14   506  1.0    50  0.31  0.01   128
 802  1.385  0.382  43978  5.5e+13   374  0.7    37  0.17  0.01   441
 803  1.261  0.527  39954  4.7e+13   355  0.7    29  0.48  0.01   207
 804  0.533  0.787  27852  2.4e+14   613  1.2    49  0.40  0.01    85
 805  1.527  0.557  35492  1.3e+14   498  1.0    49  0.30  0.01   156
 806  1.063  0.024  35703  3.3e+13   316  0.6    21  0.34  0.01   102
 807  0.835  0.409  15089  3.6e+13   320  0.7    20  0.23  0.01    46
 808  1.320  0.572  47521  1.2e+14   492  1.0    47  0.18  0.01   333
 809  0.513  0.282  44712  9.4e+13   449  0.9    27  0.17  0.01   375
 810  0.144  0.206  23856  1.4e+14   511  1.0    35  0.19  0.01    76
 811  1.454  0.114  33193  1.1e+14   473  0.9    41  0.17  0.01   158
 812  0.037  0.811  40904  1.6e+13   246  0.5     0  0.93  0.02    88
 813  1.450  0.183  40851  8.1e+13   427  0.8    37  0.21  0.01   194
 814  0.935  0.461  38579  1.6e+14   541  1.1    63  0.30  0.01   169
 815  0.911  1.086  37656  5.3e+13   370  0.7    28  0.54  0.01    99
 816  0.019  0.307  31102  2.7e+14   640  1.3    47  0.17  0.01   121
 817  1.255  0.539  25008  7.9e+13   419  0.8    32  0.26  0.01    95
 818  1.191  0.745  39452  9.1e+13   444  0.9    36  0.27  0.01    89
 819  1.191  0.109  43416  3.0e+12   141  0.3     2  0.93  0.02   270
 820  0.944  0.193  34028     -1      -1   -1    -1    -1    -1   168
 821  0.863  0.405  48517  2.2e+13   276  0.5     8  0.71  0.01   229
 822  1.525  0.007  46688  1.4e+14   511  1.0    65  0.23  0.01   171
 823  1.002  1.309  43640  7.1e+13   409  0.8    26  0.50  0.01    72
 824  0.886  0.400  32183     -1      -1   -1    -1    -1    -1   159
 825  0.769  0.605  48247  9.8e+13   456  0.9    29  0.16  0.01   152
 826  0.480  0.318  45447  3.7e+13   328  0.6    30  0.27  0.01   115
 827  0.235  0.193  39411  1.5e+14   527  1.0     2  0.41  0.01   445
 828  0.743  0.400  44606  2.3e+14   602  1.2    90  0.12  0.01   361
 829  0.475  1.329  39111  1.2e+14   486  1.0    48  0.49  0.01    57
 830  0.487  0.666  29446  9.9e+13   453  0.9    17  0.25  0.01   172
 831  0.398  0.640  47015  3.5e+13   324  0.6    22  0.33  0.01   188
 832  0.838  0.408  45928  8.9e+13   441  0.9    40  0.19  0.01   188
 833  0.578  1.253  49908  6.5e+13   398  0.8    35  0.45  0.01    66
 834  0.327  0.556  42678  1.4e+14   517  1.0    51  0.20  0.01   377
 835  1.139  0.504  38188  1.8e+14   559  1.1    54  0.28  0.01   175
 836  0.010  0.547  48863  8.8e+13   440  0.9    53  0.20  0.01   149
 837  0.700  0.573  22642  5.3e+13   366  0.7    30  0.53  0.01    53
 838  1.028  1.059  44457  3.1e+13   308  0.6    26  0.58  0.01   105
 839  0.283  1.314  22248  4.3e+13   341  0.7    23  0.41  0.01    34
 840  1.444  0.598  32258  5.3e+13   369  0.7    28  0.38  0.01   213
 841  0.990  0.570  42623  6.4e+13   394  0.8    41  0.25  0.01   137
 842  0.709  0.230  46827  8.6e+13   436  0.8    31  0.18  0.01   161
 843  1.147  0.006  17350  1.2e+14   482  1.0    33  0.29  0.01    62
 844  0.958  1.093  37240  4.9e+13   361  0.7    24  0.32  0.01   125
 845  0.643  0.983  49101  1.3e+14   507  1.0    74  0.09  0.01   301
 846  0.343  0.550  42814  1.2e+14   483  0.9    36  0.16  0.01   322
 847  0.111  0.630  34104  7.1e+13   407  0.8    33  0.30  0.01   111
 848  0.092  0.701  44667  3.6e+13   326  0.6    28  0.46  0.01   171
 849  0.279  0.003  47891  1.1e+14   481  0.9    11  0.58  0.01   162
 850  0.386  0.619  44340  7.2e+13   411  0.8    38  0.21  0.01   147
 851  0.013  0.224  43969  2.3e+14   604  1.2    74  0.16  0.01   235
 852  0.522  0.276  44616  1.8e+13   256  0.5    10  0.70  0.01   276
 853  0.564  0.560  34910  2.4e+13   282  0.6    21  0.45  0.01   117
 854  0.836  0.363  46548  8.0e+13   426  0.8    28  0.19  0.01   131
 855  0.929  0.353  10865  8.5e+13   427  0.9    48  0.36  0.01    63
 856  0.507  0.684  37256  7.5e+13   415  0.8    33  0.45  0.01   119
 857  1.392  0.141  34357  3.8e+13   329  0.7    21  0.37  0.01    91
 858  1.182  0.205  35196  1.8e+14   560  1.1    58  0.23  0.01   186
 859  0.886  0.374  46206  9.7e+13   454  0.9    34  0.18  0.01   283
 860  0.904  0.271  40218  7.9e+13   422  0.8    38  0.33  0.01   141
 861  0.694  0.288  39763  1.1e+14   479  0.9    31  0.23  0.01   141
 862  0.184  0.898  31634  1.3e+12   106  0.2     8  1.25  0.02   101
 863  0.257  0.217  37786  6.4e+13   394  0.8    20  0.27  0.01   269
 864  1.433  1.111  49349  1.1e+14   474  0.9    48  0.09  0.01   871
 865  1.227  0.494  44534  7.2e+13   410  0.8    28  0.19  0.01   166
 866  0.717  0.116  44086  8.7e+13   437  0.9    52  0.26  0.01   164
 867  0.376  0.257  47318  4.6e+13   354  0.7    26  0.25  0.01   252
 868  1.243  0.523  40286  1.9e+14   571  1.1    52  0.26  0.01   213
 869  0.270  1.035  47828  1.4e+14   513  1.0    55  0.15  0.01   191
 870  0.381  1.187  43433  7.4e+13   414  0.8    31  0.18  0.01   125
 871  1.068  0.800  48317  6.0e+13   386  0.8    37  0.26  0.01   242
 872  0.911  1.187  39582  2.2e+13   274  0.5    16  0.46  0.01    68
 873  1.162  0.532  28587  2.4e+14   607  1.2    95  0.13  0.01   357
 874  0.173  1.286   4399  1.5e+13   238  0.5    15  1.33  0.02    16
 875  0.220  0.177  25352  7.4e+13   411  0.8    42  0.31  0.01   117
 876  0.209  0.510  34807  4.9e+13   359  0.7    36  0.27  0.01   194
 877  0.564  0.254  46481  4.0e+13   337  0.7    30  0.27  0.01   254
 878  0.973  0.830  38624  1.3e+14   500  1.0    50  0.32  0.01   124
 879  0.516  0.398  21019  5.7e+13   376  0.8    28  0.36  0.01    64
 880  0.536  0.622  40797  1.4e+14   518  1.0    86  0.16  0.01   433
 881  0.825  0.972  22501  9.8e+13   450  0.9    33  0.29  0.01    58
 882  1.251  1.353  34964  1.3e+14   497  1.0    30  0.51  0.01    76
 883  0.158  0.354  32970  1.9e+14   565  1.1    70  0.15  0.01   191
 884  0.258  0.247  45040  7.0e+13   407  0.8    34  0.23  0.01   296
 885  0.988  0.006  35323  9.7e+13   452  0.9    38  0.24  0.01   107
 886  0.422  0.688  29541  2.0e+14   577  1.1    17  0.21  0.01    62
 887  1.080  0.684  49902  5.4e+13   373  0.7    38  0.15  0.01   180
 888  1.262  0.306  41682  5.1e+13   364  0.7    27  0.38  0.01   157
 889  0.768  0.000  30610  7.0e+13   404  0.8    26  0.34  0.01    65
 890  0.667  0.853  25881  1.1e+14   463  0.9    34  0.58  0.01    85
 891  0.613  0.550  47887  5.4e+13   373  0.7    32  0.45  0.01   151
 892  0.193  0.186  39778  1.6e+14   537  1.1    58  0.13  0.01   412
 893  0.610  0.438  43904  9.4e+12   207  0.4    21  0.59  0.02   163
 894  0.793  0.410  45380  9.0e+13   442  0.9    27  0.17  0.01   252
 895  0.066  0.849  47698  5.9e+13   384  0.7    39  0.15  0.01   161
 896  0.522  0.021  42331  1.1e+14   471  0.9    31  0.22  0.01   216
 897  1.537  1.169  36833  1.6e+14   530  1.0    71  0.17  0.01   189
 898  1.562  0.797  12539  1.6e+14   526  1.1    48  0.24  0.01    64
 899  1.113  0.421  49563  9.8e+13   456  0.9    33  0.12  0.01   396
 900  1.295  1.384  37420  8.2e+13   427  0.8    36  0.64  0.01    64
 901  0.039  0.412  30650     -1      -1   -1    -1    -1    -1   195
 902  0.484  0.664  29469  6.1e+13   386  0.8    46  0.32  0.01   203
 903  0.245  0.300  47333  3.6e+12   150  0.3    12  0.90  0.02   264
 904  0.101  0.128  49260  4.6e+13   355  0.7    25  0.09  0.01   184
 905  0.191  0.181  39734  1.8e+14   561  1.1    83  0.12  0.01   417
 906  0.077  0.474  48797  3.4e+13   320  0.6    29  0.20  0.01   240
 907  1.524  1.302  44791  6.5e+13   397  0.8    17  0.33  0.01    76
 908  1.458  0.917  45468  9.0e+13   442  0.9    23  0.34  0.01   124
 909  1.251  0.665  25156  4.3e+13   343  0.7    25  0.29  0.01    89
 910  0.268  0.301  47826  1.1e+14   480  0.9    36  0.13  0.01   355
 911  0.022  0.767  39866  8.8e+13   438  0.9    47  0.30  0.01   197
 912  0.493  0.135  36837  1.0e+14   462  0.9    34  0.24  0.01   294
 913  0.883  0.241  24751  7.8e+13   418  0.8    41  0.30  0.01   103
 914  0.980  0.205  20192  1.2e+14   477  1.0    23  0.38  0.01    55
 915  0.056  0.706  44822  1.2e+14   489  1.0    62  0.20  0.01   207
 916  1.179  0.647  42648  8.2e+13   428  0.8    30  0.53  0.01   102
 917  1.511  0.507  39899  9.4e+13   448  0.9    52  0.19  0.01   296
 918  0.017  1.187  18930  2.8e+13   295  0.6    23  0.33  0.01    66
 919  1.325  1.272  46961  8.4e+13   433  0.8    51  0.25  0.01   109
 920  1.569  0.105  19110  7.3e+13   408  0.8    13  0.84  0.01    60
 921  0.077  0.728  45366  6.7e+13   401  0.8    34  0.27  0.01   113
 922  0.421  0.231  46770  6.1e+13   389  0.8    53  0.20  0.01   364
 923  0.996  1.068  44279  4.2e+13   341  0.7    31  0.31  0.01   149
 924  0.985  0.631  29414  1.5e+14   518  1.0    46  0.33  0.01   128
 925  1.377  0.526  34059  9.5e+13   448  0.9    24  0.39  0.01   103
 926  0.405  0.325  40857  8.4e+13   432  0.8    77  0.16  0.01   335
 927  0.098  0.536  46535  2.8e+13   301  0.6    23  0.30  0.01   148
 928  0.314  1.194  48806  9.0e+13   443  0.9    43  0.12  0.01   142
 929  0.867  0.279  44592  6.6e+13   399  0.8    30  0.24  0.01   141
 930  0.391  0.381  35942  2.2e+13   276  0.5    19  0.29  0.01   210
 931  1.338  0.644  31415  1.6e+14   533  1.1    54  0.23  0.01   181
 932  1.533  0.301  36775  5.2e+13   367  0.7    28  0.26  0.01   161
 933  0.504  0.387  46796  6.6e+13   400  0.8    29  0.29  0.01   198
 934  1.163  1.054  34309  1.5e+14   519  1.0    68  0.20  0.01   139
 935  0.211  0.063  48372  1.4e+14   517  1.0    44  0.13  0.01   270
 936  1.493  0.945  45265  4.3e+13   345  0.7    29  0.46  0.01   156
 937  1.521  0.065  47745  7.2e+13   411  0.8    49  0.24  0.01   234
 938  0.623  0.257  43026  1.0e+14   461  0.9    55  0.14  0.01   270
 939  1.110  0.353  46019  7.9e+13   423  0.8    44  0.42  0.01   163
 940  0.370  0.212  34863  1.5e+13   241  0.5    15  0.82  0.02   171
 941  0.952  1.129  35973  7.4e+13   413  0.8    32  0.56  0.01    87
 942  1.017  0.472  40633  4.4e+13   348  0.7    21  0.29  0.01   148
 943  0.226  0.567  45993  5.5e+13   374  0.7    27  0.31  0.01   116
 944  0.378  0.015  37951  1.5e+14   519  1.0    37  0.44  0.01   192
 945  0.237  0.885  37587  1.0e+14   457  0.9    39  0.42  0.01    80
 946  0.724  0.508  36897  9.1e+13   443  0.9    30  0.25  0.01   188
 947  0.527  0.382  42328  1.7e+14   548  1.1    48  0.18  0.01   161
 948  0.756  0.091  36678  1.0e+14   459  0.9    38  0.18  0.01   190
 949  1.440  0.729  24667  7.9e+13   419  0.8    31  0.11  0.01    66
 950  1.224  0.827  23964  9.5e+13   447  0.9    24  0.43  0.01   129
 951  0.786  1.343  27647  4.7e+13   352  0.7    27  0.30  0.01    43
 952  1.007  0.666  27637  1.1e+14   473  0.9    39  0.38  0.01    91
 953  0.101  0.776  43327  6.0e+13   387  0.8    34  0.27  0.01   214
 954  1.423  0.370  43511  4.2e+13   343  0.7    35  0.37  0.01   206
 955  0.854  0.414  48537  1.3e+14   497  1.0    41  0.11  0.01   184
 956  0.799  0.507  24250  9.4e+13   445  0.9    37  0.20  0.01   169
 957  0.250  0.961  30850  4.8e+13   355  0.7     0  0.87  0.01    63
 958  0.547  0.551  29011  9.5e+13   448  0.9    34  0.36  0.01   106
 959  0.301  0.199  35941  6.2e+13   388  0.8    31  0.34  0.01   163
 960  0.011  0.638  49348  4.4e+13   348  0.7    34  0.24  0.01   122
 961  0.924  0.742  39926  4.2e+13   342  0.7    23  0.38  0.01   103
 962  0.797  0.751  44530  5.9e+13   385  0.8    34  0.27  0.01   168
 963  1.308  1.359  37114  7.2e+13   409  0.8    32  0.42  0.01    69
 964  0.316  0.733  35351  5.2e+13   367  0.7    28  0.27  0.01   193
 965  1.326  0.014  43174  1.4e+13   234  0.5    18  0.34  0.02   181
 966  0.682  0.052  30966  4.1e+13   337  0.7    26  0.29  0.01   119
 967  0.167  0.533  21808  6.0e+12   176  0.4    10  1.18  0.02    55
 968  0.782  0.554  38770  6.0e+13   386  0.8    26  0.28  0.01   135
 969  0.029  0.451  32743  1.5e+14   519  1.0    69  0.23  0.01   237
 970  0.836  0.378  45630  3.6e+13   325  0.6    19  0.20  0.01   204
 971  1.061  0.421  32395  8.2e+13   426  0.8    31  0.27  0.01    95
 972  0.055  0.918  23677  2.1e+14   578  1.2    71  0.22  0.01   136
 973  1.562  0.309  43198  2.2e+14   594  1.2    63  0.15  0.01   157
 974  1.456  0.207  34219  1.1e+14   464  0.9    48  0.35  0.01   189
 975  1.175  0.520  29234  5.3e+14   797  1.6   125  0.10  0.01   401
 976  0.045  0.270  48508  8.9e+13   442  0.9    46  0.18  0.01   264
 977  1.507  0.795  40041  6.5e+13   396  0.8    22  0.17  0.01   181
 978  0.617  0.348  43481  1.8e+13   257  0.5     0  0.92  0.01    83
 979  0.058  0.898  45052  5.3e+13   371  0.7    30  0.30  0.01   181
 980  0.354  0.412  25412  5.1e+13   362  0.7    26  0.68  0.01    74
 981  1.526  1.004  27821  7.1e+12   187  0.4    16  0.46  0.02    73
 982  0.643  0.154  43911  6.4e+13   395  0.8    38  0.24  0.01   163
 983  1.271  0.173  31621  1.2e+14   486  1.0    49  0.32  0.01   131
 984  0.976  1.164  40766  9.8e+13   454  0.9    46  0.20  0.01   139
 985  1.397  0.784  31802  5.5e+13   373  0.7    28  0.29  0.01    94
 986  0.531  0.387  19674  1.7e+14   539  1.1    35  0.26  0.01    66
 987  0.113  0.982  45202  9.3e+13   448  0.9    25  0.29  0.01    89
 988  0.663  0.901  46821  7.2e+13   410  0.8    14  0.56  0.01   245
 989  1.553  0.841  30855  4.9e+13   358  0.7    29  0.35  0.01   114
 990  0.150  1.256  41898  6.4e+13   393  0.8    33  0.36  0.01    76
 991  0.950  0.632  49153  4.9e+13   361  0.7    27  0.53  0.01   158
 992  0.064  1.311  31244  8.7e+13   435  0.9    37  0.48  0.01    51
 993  0.094  0.002  45436  6.3e+13   393  0.8    30  0.38  0.01   207
 994  1.508  1.224  34703  8.4e+13   430  0.9    32  0.25  0.01    86
 995  0.338  1.155  32560  6.9e+12   186  0.4    15  1.21  0.02    40
 996  0.036  0.626  21126  2.9e+14   645  1.3    73  0.13  0.01   136
 997  0.746  0.383  45238  6.1e+13   390  0.8    53  0.17  0.01   285
 998  0.862  0.183  30886  2.8e+13   298  0.6    10  0.95  0.01    58
 999  0.981  1.130  35988  5.3e+13   369  0.7    32  0.66  0.01    82
1000  0.601  0.926  46490     -1      -1   -1    -1    -1    -1    84
