# halo-id  ra  dec  vres  m200  vdisp200  r200  Ngal  M200err(stat)  M200err(syst)  N200
   1  0.866  0.429  24514  1.0e+15   985  2.0   465  0.06  0.00   308
   2  0.204  0.038  43334  8.6e+14   944  1.8   930  0.04  0.00   272
   3  0.310  0.970  41549  1.2e+15  1057  2.1   397  0.06  0.00   213
   4  0.776  0.462  25296  1.2e+15  1049  2.1   464  0.05  0.00   303
   5  0.163  0.065  44081  2.4e+14   618  1.2   320  0.18  0.01   100
   6  0.293  0.209  29489  5.3e+14   797  1.6   399  0.13  0.01   141
   7  0.720  0.692  32818  1.1e+15  1011  2.0   323  0.10  0.00   149
   8  0.001  0.639  40132  5.0e+14   786  1.5   304  0.13  0.01   123
   9  0.750  0.101  39399  3.6e+14   701  1.4   474  0.16  0.01   110
  10  0.530  0.783  43897  2.4e+14   619  1.2   290  0.15  0.01    97
  11  0.706  0.474  16148  4.6e+14   758  1.5   207  0.09  0.01   136
  12  0.190  0.894  25092  5.6e+14   813  1.6   178  0.10  0.01   114
  13  0.624  0.392  34260  4.9e+14   779  1.5   305  0.15  0.01   132
  14  0.634  0.011  14238  4.1e+14   728  1.5   212  0.11  0.01   149
  15  0.773  0.464  25271  1.4e+15  1098  2.2   451  0.06  0.00   300
  16  0.652  0.082  33467  6.9e+14   872  1.7   324  0.12  0.01   113
  17  0.094  0.700  24679  5.5e+14   805  1.6   167  0.11  0.01   107
  18  0.760  0.722  40342  4.6e+14   762  1.5   237  0.12  0.01    81
  19  0.786  0.053  35089  3.3e+14   679  1.3   396  0.16  0.01   109
  20  0.443  0.300  40097  3.8e+14   718  1.4   508  0.16  0.01   103
  21  0.174  0.141  24539  5.9e+14   825  1.6   391  0.10  0.01   119
  22  0.146  0.092  43969  1.8e+14   562  1.1   305  0.10  0.01    78
  23  0.608  0.874  26415  1.2e+15  1043  2.1   341  0.07  0.00   183
  24  0.060  0.054  27414  5.3e+14   799  1.6   284  0.15  0.01   111
  25  0.818  0.181  25820  2.7e+14   631  1.3   210  0.22  0.01    82
  26  0.970  0.908  11501  5.5e+14   800  1.6    98  0.09  0.01    92
  27  0.299  1.030  23181  4.2e+14   736  1.5   152  0.12  0.01    95
  28  0.664  0.621  42133  5.0e+14   789  1.5   287  0.15  0.01   100
  29  0.278  0.125  38936  4.5e+14   761  1.5   270  0.15  0.01    96
  30  1.001  0.923  29382  3.8e+14   712  1.4   201  0.13  0.01   105
  31  0.860  0.402  24538  3.9e+14   717  1.4   253  0.13  0.01   100
  32  0.717  0.453  24900  4.5e+14   755  1.5   251  0.08  0.01    96
  33  0.738  0.576  32563  4.7e+14   768  1.5   308  0.17  0.01   106
  34  0.206  0.044  43333  3.8e+14   716  1.4   918  0.05  0.01   100
  35  0.219  0.623  38293  6.0e+14   834  1.6   258  0.21  0.01    80
  36  0.237  0.826  36691  4.7e+14   768  1.5   289  0.16  0.01   119
  37  0.576  0.670  29633  4.4e+14   747  1.5   277  0.17  0.01   119
  38  0.900  0.306  37973  5.2e+14   797  1.6   446  0.16  0.01   102
  39  0.044  0.668   5094  6.9e+14   861  1.8   111  0.09  0.01   111
  40  0.901  0.051  42539  3.9e+14   724  1.4   475  0.16  0.01    94
  41  0.458  0.813  38358  4.1e+14   734  1.4   293  0.17  0.01    84
  42  0.743  0.436  24975  3.3e+14   676  1.4   226  0.08  0.01    82
  43  1.001  0.175  32212  3.6e+14   698  1.4   355  0.11  0.01    88
  44  0.414  0.583  39363  3.9e+14   720  1.4   257  0.18  0.01    94
  45  0.172  0.100  39498     -1      -1   -1   322    -1    -1    -1
  46  0.599  0.443  35054  3.6e+14   703  1.4   372  0.20  0.01    98
  47  0.820  0.732  33299  4.7e+14   766  1.5   256  0.24  0.01    87
  48  0.327  0.134  30815  4.1e+14   734  1.5   294  0.10  0.01    76
  49  0.778  1.007  19819  3.2e+14   671  1.4   133  0.15  0.01    81
  50  0.122  0.341  25711  4.9e+14   776  1.5   189  0.13  0.01    65
  51  0.857  0.362  15424  3.5e+14   691  1.4   139  0.07  0.01    88
  52  0.454  0.405  43262  3.0e+14   664  1.3   530  0.14  0.01    91
  53  0.409  0.490  40995  4.4e+14   754  1.5   390  0.12  0.01    89
  54  0.099  0.726  40786  4.9e+14   782  1.5   361  0.17  0.01   111
  55  0.990  0.876  41264  6.2e+14   843  1.6   306  0.09  0.01    82
  56  0.605  0.082  22072  3.0e+14   660  1.3   154  0.26  0.01    82
  57  0.670  0.581  42651  3.6e+14   704  1.4   294  0.12  0.01    75
  58  0.070  0.627  43825  3.6e+14   708  1.4   178  0.15  0.01    77
  59  0.039  0.407  39479  2.7e+14   638  1.3   556  0.10  0.01    87
  60  0.988  0.148  39491  5.8e+14   826  1.6   339  0.13  0.01   100
  61  0.295  0.379  37978  3.1e+14   668  1.3   373  0.18  0.01    78
  62  0.740  0.254  22953  2.8e+14   640  1.3   227  0.33  0.01   106
  63  0.541  0.266  43303  3.0e+14   660  1.3   483  0.06  0.01    71
  64  0.605  0.465  35222  3.4e+14   686  1.4   335  0.21  0.01    89
  65  0.124  0.154  34939  1.8e+14   557  1.1   199  0.34  0.01    44
  66  0.532  0.957  41701  4.6e+14   767  1.5   224  0.12  0.01    66
  67  0.210  0.537  21843  3.7e+14   703  1.4   175  0.14  0.01    77
  68  0.932  0.738  38614  1.7e+14   545  1.1   162  0.23  0.01    67
  69  0.012  0.023  40840  3.0e+14   662  1.3   372  0.12  0.01    83
  70  0.157  0.552  18976  3.2e+14   670  1.4   168  0.12  0.01    74
  71  0.492  0.130  30759  4.4e+14   749  1.5   308  0.22  0.01    71
  72  0.739  0.707  43114  2.6e+14   635  1.2   366  0.11  0.01    80
  73  0.174  0.093  39331  8.8e+14   950  1.9   430  0.08  0.00   113
  74  0.610  0.956  39246  3.0e+14   658  1.3   196  0.13  0.01    77
  75  0.681  0.383  33549  4.0e+14   730  1.4   193  0.14  0.01    74
  76  0.933  0.615  34955  4.8e+14   773  1.5   324  0.12  0.01    87
  77  0.975  0.471  14577  3.2e+14   672  1.4   116  0.16  0.01    64
  78  0.911  0.845  27321  3.6e+14   701  1.4   125  0.26  0.01    68
  79  0.153  0.727  27566  1.8e+14   551  1.1   258  0.36  0.01    90
  80  0.569  0.450  22356     -1      -1   -1   137    -1    -1    -1
  81  0.578  0.987  27398  2.8e+14   639  1.3   145  0.20  0.01    82
  82  0.224  0.167  30283  3.0e+14   659  1.3   222  0.15  0.01    63
  83  0.298  0.589  39130  2.5e+14   626  1.2   270  0.51  0.01    74
  84  0.697  0.764  32071  2.7e+14   638  1.3   207  0.20  0.01    65
  85  0.279  0.568  35070  3.6e+14   704  1.4   281  0.15  0.01    58
  86  0.002  0.001  29634  2.2e+14   590  1.2    95  0.25  0.01    67
  87  0.285  0.382  38133  2.9e+14   654  1.3   360  0.17  0.01    62
  88  0.261  0.493  43583  1.7e+14   543  1.1   291  0.11  0.01    52
  89  0.097  0.229  31067  2.0e+14   572  1.1   218  0.24  0.01    54
  90  0.063  0.527  43936  1.2e+14   481  0.9   262  0.19  0.01    62
  91  0.483  0.440  10364  3.5e+14   689  1.4    95  0.23  0.01    78
  92  0.217  0.709  36802  2.4e+14   609  1.2   307  0.16  0.01    58
  93  1.019  0.342  22423  3.0e+14   658  1.3   130  0.17  0.01    68
  94  0.066  0.575  36484  3.7e+14   711  1.4   394  0.11  0.01   108
  95  0.515  0.798  32775  4.7e+14   768  1.5   230  0.23  0.01    60
  96  1.014  0.775   8664  1.4e+14   504  1.0    98  0.35  0.01    61
  97  0.820  0.142  35326  6.0e+14   834  1.6   285  0.34  0.01     7
  98  0.626  0.966  27286  9.4e+13   446  0.9   125  0.31  0.01    44
  99  0.009  0.590  34205  2.9e+14   651  1.3   186  0.27  0.01    61
 100  0.797  0.144  37921  3.3e+14   684  1.3   254  0.12  0.01    72
 101  0.666  0.886  26877  3.2e+14   673  1.3   139  0.26  0.01    64
 102  0.084  0.027  27967  4.4e+14   748  1.5   185  0.12  0.01    95
 103  0.835  0.294  25923  3.4e+14   688  1.4   176  0.14  0.01    67
 104  0.980  0.889  41415  2.6e+14   628  1.2   329  0.13  0.01    70
 105  0.843  0.306  41791  3.3e+14   686  1.3   360  0.12  0.01    62
 106  0.836  0.336  41427  2.1e+14   586  1.1   268  0.17  0.01    56
 107  0.980  0.203  21420  1.5e+14   515  1.0   127  0.36  0.01    60
 108  0.101  0.338  25768  3.8e+14   709  1.4   173  0.16  0.01    79
 109  0.513  0.949  21321  2.0e+14   573  1.2   148  0.35  0.01    62
 110  0.622  0.590  15701  6.5e+14   851  1.7    89  0.19  0.01    64
 111  0.612  0.875  26428  1.4e+15  1107  2.2   343  0.07  0.00   192
 112  0.718  0.523  43855  7.5e+13   417  0.8   287  0.10  0.01    46
 113  0.037  0.015  26732  2.7e+14   638  1.3   169  0.13  0.01    49
 114  0.067  0.475  43953  1.8e+14   562  1.1   288  0.12  0.01    78
 115  1.027  0.426  44051  1.5e+14   526  1.0   357  0.10  0.01    62
 116  0.258  0.102  42512  2.4e+14   616  1.2   397  0.08  0.01    56
 117  0.394  0.674  43602  1.3e+14   494  1.0   240  0.11  0.01    49
 118  0.145  0.750  31067  3.7e+14   710  1.4   347  0.14  0.01    62
 119  0.296  0.167  30561  1.8e+14   552  1.1   250  0.15  0.01    55
 120  0.764  0.054  35244  3.8e+14   712  1.4   270  0.16  0.01    53
 121  0.465  0.779  33432  4.3e+14   744  1.5   161  0.18  0.01    77
 122  0.725  0.744  23589  1.9e+14   568  1.1   203  0.08  0.01    71
 123  0.075  0.266  31289  2.9e+14   653  1.3   176  0.14  0.01    56
 124  0.631  0.275  36021  2.6e+14   628  1.2   270  0.22  0.01    53
 125  0.198  0.361  28147     -1      -1   -1   109    -1    -1    -1
 126  0.763  0.729  33320  1.6e+14   534  1.1   233  0.14  0.01    57
 127  1.027  0.660  38263  4.0e+14   727  1.4   245  0.14  0.01    60
 128  0.229  1.004  42033  3.2e+14   680  1.3   294  0.11  0.01    62
 129  0.430  0.314  40033  1.8e+14   552  1.1   433  0.26  0.01    51
 130  0.891  0.378  37893  1.3e+14   504  1.0   344  0.15  0.01    45
 131  0.881  0.876  25181  3.1e+14   663  1.3   132  0.31  0.01    53
 132  0.544  0.786  39618  2.7e+13   295  0.6   133  0.76  0.01     0
 133  0.491  0.914  26500  3.8e+14   712  1.4   125  0.18  0.01    63
 134  0.006  0.649  40232  2.8e+14   647  1.3   319  0.20  0.01    72
 135  0.758  0.111  39155  3.1e+14   670  1.3   438  0.19  0.01    64
 136  0.153  0.718  35301  3.4e+14   688  1.4   172  0.50  0.01    57
 137  0.905  0.226  36600  1.4e+14   515  1.0   341  0.19  0.01    80
 138  0.196  0.382  28171  3.6e+13   321  0.6    83  0.83  0.01    12
 139  0.094  0.453  29764     -1      -1   -1   152    -1    -1    -1
 140  0.807  0.127  35059  4.2e+14   738  1.5   355  0.09  0.01    76
 141  0.117  0.581  41357  2.1e+13   273  0.5   170  0.28  0.01    25
 142  0.719  0.846  24501  3.6e+14   699  1.4   123  0.30  0.01    52
 143  0.990  1.040  27840  2.1e+14   581  1.2    90  0.22  0.01    57
 144  1.016  0.018  40513  2.0e+14   578  1.1   292  0.17  0.01    59
 145  0.838  0.010  39662  4.5e+14   757  1.5   236  0.13  0.01    61
 146  0.746  0.154  35051  5.0e+14   786  1.5   133  0.18  0.01    54
 147  0.228  0.692  43783  1.9e+14   573  1.1   273  0.21  0.01    54
 148  1.024  0.822  39901  3.6e+14   703  1.4   246  0.26  0.01    67
 149  0.421  0.519  41022  1.2e+14   481  0.9   236  0.07  0.01    46
 150  0.195  0.556  38191  1.8e+14   557  1.1   315  0.25  0.01    54
 151  0.710  1.040  41169  2.5e+14   620  1.2   162  0.26  0.01    62
 152  0.286  0.074  39167  3.3e+14   680  1.3   229  0.26  0.01    48
 153  0.982  1.023  38556  1.3e+14   504  1.0   141  0.34  0.01    40
 154  0.122  0.080  17708  1.5e+14   518  1.0    94  0.34  0.01    47
 155  0.013  0.656  40401     -1      -1   -1   233    -1    -1    -1
 156  0.272  0.462  23418  1.2e+14   483  1.0   143  0.21  0.01    45
 157  0.103  0.458  29724  2.3e+14   605  1.2   218  0.30  0.01    58
 158  0.249  0.293  33338  1.5e+14   523  1.0   272  0.23  0.01    65
 159  1.014  0.809  39752  2.8e+14   644  1.3   246  0.26  0.01    55
 160  0.547  0.235  32566  2.4e+14   611  1.2   151  0.53  0.01    44
 161  0.422  0.265  42223  2.1e+14   588  1.1   480  0.09  0.01    42
 162  0.041  0.388  38268  2.5e+14   618  1.2   424  0.12  0.01    43
 163  1.014  0.127  39292  1.4e+14   514  1.0   676  0.12  0.01    55
 164  0.983  0.759  40597  1.6e+14   531  1.0   186  0.18  0.01    50
 165  0.882  0.564  34008     -1      -1   -1   289    -1    -1    -1
 166  0.610  0.485  16666  2.0e+14   570  1.2   190  0.18  0.01    58
 167  0.347  0.722  31528  6.1e+14   839  1.7   297  0.10  0.01    66
 168  0.884  0.188  25194  2.3e+14   601  1.2   205  0.20  0.01    55
 169  0.625  0.718  36801  1.4e+14   506  1.0   211  0.18  0.01    48
 170  0.552  0.360  34410  1.7e+14   545  1.1   215  0.36  0.01    55
 171  0.646  0.657  30234  1.5e+14   516  1.0   224  0.16  0.01    52
 172  0.306  0.808  37073  2.0e+14   579  1.1   265  0.27  0.01    62
 173  0.727  0.045  37722  1.7e+14   552  1.1   305  0.13  0.01    51
 174  0.625  0.376  34428  2.6e+14   633  1.2   255  0.18  0.01    42
 175  0.757  0.530  41305  2.6e+14   629  1.2   329  0.17  0.01    60
 176  0.381  0.299  41712  2.7e+14   640  1.2   261  0.15  0.01    54
 177  0.718  0.512  43794  9.5e+13   450  0.9   253  0.51  0.01     3
 178  0.275  0.992  41741  1.6e+14   534  1.0   278  0.10  0.01    45
 179  0.712  0.280  17398  2.2e+14   589  1.2    74  0.40  0.01    44
 180  0.243  0.578  37590  4.7e+14   770  1.5   198  0.12  0.01    55
 181  0.433  0.536  27797  2.7e+14   635  1.3   164  0.15  0.01    59
 182  0.637  0.096  33349  2.0e+15  1257  2.5   249  0.06  0.00    31
 183  0.909  0.009  43189  1.3e+14   500  1.0   232  0.15  0.01    44
 184  0.643  0.250  36824  1.6e+15  1156  2.3   406  0.05  0.00   117
 185  0.203  0.780  31498  3.1e+14   668  1.3   188  0.18  0.01    54
 186  0.529  0.054  25301  1.5e+14   524  1.0   236  0.15  0.01    53
 187  0.227  0.380  41285  3.2e+14   677  1.3   309  0.09  0.01    55
 188  0.159  0.964  35655  8.4e+13   430  0.9   162  0.28  0.01    44
 189  0.839  0.515  43959  5.8e+13   382  0.7   304  0.29  0.01    39
 190  0.170  0.917  42765  2.1e+14   586  1.1   210  0.26  0.01    56
 191  0.740  0.250  38417  2.2e+14   595  1.2   324  0.20  0.01    64
 192  0.572  0.882  23511  2.3e+14   598  1.2   126  0.22  0.01    50
 193  0.552  0.478  22386  1.6e+14   532  1.1   141  0.36  0.01    42
 194  0.131  0.987  43478  1.1e+14   477  0.9   249  0.23  0.01    41
 195  0.521  0.549  34826  2.4e+14   615  1.2   175  0.21  0.01    60
 196  0.872  0.390  37876  2.6e+14   629  1.2   325  0.14  0.01    95
 197  0.275  0.312  38503  2.2e+14   593  1.2   175  0.36  0.01    39
 198  0.038  0.620  36985  1.1e+14   467  0.9   180  0.19  0.01    36
 199  0.809  0.041  35235  6.6e+13   398  0.8   326  0.14  0.01    33
 200  0.140  0.766  30923  8.6e+13   434  0.9   267  0.18  0.01    36
 201  0.331  0.421  25571  2.9e+14   652  1.3   265  0.16  0.01    56
 202  0.872  0.390  37885  2.6e+14   629  1.2   337  0.13  0.01    95
 203  0.982  0.475  43656  6.4e+13   395  0.8   428  0.15  0.01    65
 204  0.179  0.484  37670  2.3e+14   608  1.2   175  0.19  0.01    45
 205  0.199  0.824  44443  8.5e+13   434  0.8   250  0.14  0.01    29
 206  0.188  0.143  24407  1.1e+14   462  0.9   352  0.28  0.01    39
 207  0.172  0.115  23788  2.6e+14   630  1.3   158  0.15  0.01    48
 208  0.751  0.244  28687  5.6e+14   812  1.6   194  0.08  0.01    60
 209  0.739  0.071  35049  1.0e+14   458  0.9   192  0.19  0.01    34
 210  0.586  0.524  22168  2.2e+14   588  1.2   150  0.14  0.01    50
 211  0.437  0.389  43175  1.9e+14   571  1.1   493  0.12  0.01    49
 212  0.336  0.406  25791  9.3e+13   444  0.9   251  0.23  0.01    49
 213  0.571  0.463  22486  2.7e+14   637  1.3   163  0.11  0.01    53
 214  0.796  0.997  34633  1.4e+14   506  1.0   117  0.54  0.01    39
 215  1.007  0.058  43835  1.3e+14   506  1.0   170  0.12  0.01    27
 216  0.655  0.466  24342  1.6e+14   533  1.1   151  0.36  0.01    44
 217  0.625  0.260  36019  1.6e+14   540  1.1   354  0.17  0.01    33
 218  0.523  0.365  40229  2.3e+14   609  1.2   220  0.22  0.01    42
 219  1.033  0.155  31584  2.1e+14   584  1.2   248  0.17  0.01    44
 220  0.290  0.208  43204  1.7e+14   550  1.1   271  0.17  0.01    51
 221  1.041  0.670  38304  2.4e+14   616  1.2   175  0.22  0.01    40
 222  0.054  0.735  40408  2.2e+14   592  1.2   373  0.19  0.01    55
 223  0.095  0.991  35768  1.4e+14   513  1.0   154  0.14  0.01    44
 224  0.428  0.275  41669  1.6e+14   536  1.0   499  0.09  0.01    43
 225  0.406  0.324  40204  1.1e+14   473  0.9   410  0.21  0.01    46
 226  0.274  0.552  35045  3.3e+14   681  1.3   333  0.11  0.01    56
 227  0.545  0.239  42984  1.2e+14   486  0.9   504  0.13  0.01    38
 228  0.368  0.520  27485  2.6e+14   624  1.2   175  0.12  0.01    55
 229  0.761  0.522  41273  2.2e+14   593  1.2   273  0.18  0.01    50
 230  0.050  0.068  43411  2.4e+14   617  1.2   355  0.10  0.01    59
 231  0.790  0.527  41374  7.0e+13   407  0.8   216  0.35  0.01    22
 232  0.760  0.999  41632  1.5e+14   519  1.0   175  0.36  0.01    37
 233  0.129  0.256  34872  1.1e+14   477  0.9   296  0.19  0.01    42
 234  0.802  0.114  34884  1.5e+14   519  1.0   437  0.13  0.01    40
 235  0.104  0.112  44021  3.7e+13   327  0.6   315  0.30  0.01    17
 236  0.750  0.213  43190  1.4e+14   509  1.0   219  0.12  0.01    38
 237  0.076  0.577  36434  3.5e+14   697  1.4   450  0.11  0.01    49
 238  0.567  0.017  25262  6.4e+14   847  1.7   221  0.18  0.01    72
 239  0.058  0.106  40015     -1      -1   -1   113    -1    -1    -1
 240  0.469  0.520  36564  2.1e+14   587  1.2   219  0.17  0.01    60
 241  0.871  0.320  22530  2.6e+14   628  1.3   147  0.25  0.01    50
 242  0.515  0.454  22100  1.0e+14   461  0.9   102  0.58  0.01    45
 243  0.208  0.389  41262  3.8e+13   332  0.7   278  0.59  0.01     5
 244  0.312  0.213  29047  2.1e+14   588  1.2   202  0.19  0.01    34
 245  0.230  0.358  35653  9.4e+13   447  0.9   166  0.22  0.01    30
 246  0.545  1.046  40404  1.2e+14   482  0.9   118  0.22  0.01    34
 247  0.512  0.541  40927  7.7e+13   420  0.8   291  0.30  0.01    45
 248  0.788  0.120  34297  4.3e+14   745  1.5   273  0.13  0.01    44
 249  0.084  0.418  38366  1.9e+14   566  1.1   279  0.37  0.01    58
 250  0.728  0.656  32303  1.2e+14   484  1.0   220  0.16  0.01    36
 251  1.044  1.009  36974  2.6e+14   632  1.2    83  0.23  0.01    38
 252  1.009  0.112  39370  2.7e+14   642  1.3   680  0.11  0.01    54
 253  0.920  0.290  22015  1.9e+14   560  1.1   138  0.33  0.01    43
 254  0.063  0.101  43023  6.7e+13   401  0.8   479  0.16  0.01    40
 255  0.562  0.662  35740  2.0e+14   574  1.1   157  0.37  0.01    52
 256  0.397  0.263  41888  2.0e+14   577  1.1   341  0.13  0.01    38
 257  0.472  0.326  36452  1.1e+14   475  0.9   421  0.19  0.01    47
 258  0.723  0.107   2151  1.6e+14   522  1.1    23  0.25  0.01    23
 259  0.629  0.482  24227  1.1e+14   467  0.9   153  0.31  0.01    29
 260  0.493  0.940  26428  3.4e+14   683  1.4   105  0.20  0.01    42
 261  0.379  0.771  38303  9.3e+13   445  0.9   195  0.21  0.01    32
 262  0.597  0.495  16354  1.3e+14   491  1.0   141  0.33  0.01    42
 263  0.521  0.118  39405  1.4e+14   514  1.0   205  0.33  0.01    46
 264  0.926  0.808  27137  2.2e+14   589  1.2   137  0.26  0.01    49
 265  0.008  0.007  40662  1.2e+15  1064  2.1   260  0.06  0.00    18
 266  0.475  0.414  40130  1.4e+14   515  1.0   203  0.13  0.01    16
 267  0.120  0.277  35322  1.8e+14   556  1.1   212  0.15  0.01    30
 268  0.202  0.024  43422  1.0e+14   463  0.9   695  0.37  0.01    15
 269  0.559  0.119  19493  1.7e+14   547  1.1    85  0.52  0.01    36
 270  0.110  0.098  44038  1.0e+14   462  0.9   309  0.34  0.01    42
 271  1.025  0.175  32024  1.8e+14   554  1.1   340  0.13  0.01    57
 272  0.584  0.628  19545  2.7e+14   630  1.3   115  0.24  0.01    44
 273  0.104  0.678  24542  1.5e+14   525  1.1   106  0.29  0.01    43
 274  0.140  0.509   4719  1.2e+14   484  1.0    42  0.21  0.01    38
 275  0.249  0.723  36329  2.3e+14   608  1.2   145  0.28  0.01    39
 276  0.117  0.322  44032  9.8e+13   456  0.9   199  0.37  0.01    28
 277  0.221  0.381  41272  1.9e+14   567  1.1   319  0.11  0.01    59
 278  0.594  1.029  24831  2.4e+14   612  1.2   116  0.55  0.01    11
 279  0.664  0.025  24087  1.8e+14   555  1.1    98  0.38  0.01    38
 280  0.608  0.612  30842  8.0e+13   423  0.8   197  0.12  0.01    32
 281  0.510  0.514  40353  2.5e+14   622  1.2   206  0.34  0.01    40
 282  0.080  0.649  37149  4.6e+14   761  1.5    75  0.24  0.01    20
 283  0.777  0.729  40290  9.7e+13   452  0.9   191  0.32  0.01    38
 284  0.387  0.051  14990  2.9e+14   643  1.3    77  0.45  0.01    38
 285  0.961  1.043  25009  1.3e+14   500  1.0    73  0.46  0.01    46
 286  0.814  0.216  15728  1.2e+14   487  1.0   112  0.12  0.01    36
 287  0.208  0.691  27017  1.2e+14   483  1.0   159  0.46  0.01    44
 288  0.896  1.000  24873  2.1e+14   580  1.2    69  0.23  0.01    33
 289  0.033  0.104  41988  2.0e+14   578  1.1   427  0.07  0.01    49
 290  0.774  0.604  42105  1.7e+14   544  1.1   361  0.13  0.01    45
 291  0.086  0.204  31012  1.8e+14   560  1.1   137  0.34  0.01    40
 292  0.315  0.852  37768  2.0e+14   572  1.1   192  0.19  0.01    36
 293  0.519  0.823  36992     -1      -1   -1   123    -1    -1    -1
 294  0.821  0.284  16142  1.2e+14   476  1.0   132  0.08  0.01    37
 295  0.368  0.044  23713  1.1e+14   465  0.9   177  0.12  0.01    38
 296  0.471  0.324  36310  8.9e+13   439  0.9   359  0.34  0.01    31
 297  0.913  0.249  36116  1.5e+14   527  1.0   282  0.18  0.01    47
 298  0.716  0.634  32428  1.5e+14   520  1.0   162  0.55  0.01    10
 299  0.743  0.543  41393  2.3e+14   609  1.2   294  0.32  0.01    36
 300  0.073  0.611  34997  2.9e+14   657  1.3   391  0.10  0.01    46
 301  0.153  0.240  34155  1.3e+14   504  1.0   152  0.27  0.01    30
 302  0.354  0.280  30527  1.6e+14   534  1.1   185  0.23  0.01    38
 303  0.430  0.946  23121  1.9e+14   568  1.1   111  0.38  0.01    48
 304  0.077  0.576  43375  1.5e+14   525  1.0   353  0.18  0.01    47
 305  0.067  0.575  36409  3.0e+14   660  1.3   401  0.11  0.01   100
 306  0.747  0.070  44021  9.9e+13   457  0.9   304  0.27  0.01    31
 307  0.500  0.975  42448  1.3e+14   498  1.0   182  0.26  0.01    40
 308  0.277  0.546  34931  1.2e+14   479  0.9   240  0.15  0.01    37
 309  0.072  0.731  40203  5.3e+14   802  1.6   407  0.14  0.01   100
 310  0.949  0.430  41314  6.5e+13   395  0.8   249  0.24  0.01    21
 311  0.005  0.268  34575  1.8e+14   555  1.1   194  0.49  0.01    34
 312  0.198  0.183  34349  1.7e+14   548  1.1   219  0.20  0.01    45
 313  0.202  0.676  44016  7.1e+13   409  0.8   186  0.30  0.01    20
 314  0.764  0.565  38178  2.4e+14   611  1.2   250  0.15  0.01    43
 315  1.031  0.120  39219  1.0e+14   459  0.9   319  0.11  0.01    16
 316  0.028  0.842  42220  2.0e+14   582  1.1   185  0.39  0.01    41
 317  0.737  0.351  42792  1.1e+14   473  0.9   268  0.14  0.01    39
 318  0.789  0.708  43008  1.4e+14   512  1.0   229  0.17  0.01    36
 319  0.930  0.777  28386  7.1e+13   405  0.8    87  0.23  0.01    26
 320  0.152  0.223  28451  8.2e+14   922  1.8   153  0.10  0.01    40
 321  0.153  0.419  38738  2.7e+14   635  1.2   304  0.12  0.01    46
 322  0.941  0.736   8829  1.6e+14   523  1.1    49  0.13  0.01    31
 323  0.464  0.963  43779  8.0e+13   426  0.8   210  0.17  0.01    40
 324  0.255  0.522  37627  6.6e+13   398  0.8   251  0.28  0.01    35
 325  1.044  0.342  42436  2.1e+14   585  1.1   123  0.14  0.01    37
 326  0.375  0.040  23706  1.0e+14   458  0.9   187  0.11  0.01    44
 327  0.577  0.444  31200  1.3e+14   493  1.0   246  0.29  0.01    46
 328  0.292  0.727  37791  1.7e+14   551  1.1   153  0.17  0.01    29
 329  0.483  0.760  41504  1.4e+14   517  1.0   176  0.32  0.01    48
 330  0.735  0.361  25397  1.4e+14   505  1.0   195  0.17  0.01    42
 331  0.545  0.247  43005  1.6e+14   532  1.0   627  0.10  0.01    65
 332  0.580  0.758  36708     -1      -1   -1    71    -1    -1    -1
 333  0.093  0.249  31207  1.4e+14   510  1.0   188  0.14  0.01    39
 334  0.485  0.423  40142  1.1e+14   476  0.9   255  0.18  0.01    43
 335  0.360  0.546  29340  5.1e+14   785  1.6   348  0.08  0.01    82
 336  0.608  0.037  40392  3.0e+13   305  0.6   174  0.34  0.01    19
 337  0.364  0.554  29073  1.1e+14   476  0.9   324  0.13  0.01    53
 338  0.596  0.708  44022  7.9e+13   423  0.8   139  0.35  0.01    26
 339  0.100  0.973  37374  1.0e+14   464  0.9   278  0.18  0.01    20
 340  0.693  0.553  42289  1.2e+14   482  0.9   334  0.15  0.01    28
 341  0.303  0.124  30804  7.4e+13   413  0.8   214  0.37  0.01    35
 342  0.607  0.449  35137  2.2e+14   595  1.2   447  0.19  0.01    53
 343  0.416  0.977  37846  1.3e+14   495  1.0   210  0.10  0.01    35
 344  0.810  0.752  33319  2.1e+14   582  1.2   208  0.11  0.01    37
 345  0.124  0.154  28402  1.9e+14   569  1.1   230  0.26  0.01    51
 346  0.601  0.797  29663  2.2e+14   595  1.2   207  0.17  0.01    54
 347  0.446  0.295  25716  1.8e+14   555  1.1   118  0.17  0.01    34
 348  0.076  0.003  37467  8.5e+13   433  0.9   108  0.39  0.01    27
 349  0.927  0.868  26870  8.2e+13   425  0.8   199  0.26  0.01    32
 350  0.249  0.692  44063  4.3e+13   344  0.7   256  0.18  0.01    21
 351  0.496  0.779  35629  1.4e+14   513  1.0   128  0.15  0.01    21
 352  0.114  0.557  23337  1.2e+14   483  1.0   179  0.13  0.01    26
 353  0.645  1.017  25701  1.3e+14   500  1.0    54  0.81  0.01    19
 354  0.893  0.226  36597  9.9e+13   455  0.9   323  0.26  0.01    38
 355  0.566  0.991  41282  7.6e+13   418  0.8   150  0.41  0.01    27
 356  0.880  1.005  21583  2.7e+14   631  1.3    47  0.20  0.01    33
 357  0.095  0.996  43117  4.6e+13   352  0.7   307  0.15  0.01    26
 358  0.978  0.472  43639  1.2e+14   486  0.9   409  0.18  0.01    27
 359  0.256  0.476  37440  1.6e+14   534  1.1   121  0.43  0.01    36
 360  0.411  0.421  43863  1.8e+14   557  1.1   207  0.09  0.01    33
 361  1.003  0.297  37789  8.2e+13   427  0.8   212  0.23  0.01    40
 362  0.200  0.695  36647  2.8e+14   643  1.3   281  0.18  0.01    50
 363  0.716  0.030  37983  9.4e+14   972  1.9   402  0.07  0.00    71
 364  0.610  0.866  26565  2.2e+14   594  1.2   322  0.13  0.01    43
 365  0.069  0.065  27540  1.1e+14   471  0.9   303  0.21  0.01    39
 366  0.962  0.767  28202  1.3e+14   502  1.0    71  0.71  0.01    30
 367  0.467  0.326  36506  9.9e+13   455  0.9   424  0.22  0.01    40
 368  0.310  0.721  37207  2.0e+14   578  1.1   144  0.18  0.01    38
 369  0.771  0.610  42153  3.6e+14   704  1.4   425  0.09  0.01    47
 370  0.059  0.233  41897  7.9e+13   423  0.8   208  0.29  0.01    29
 371  0.236  0.616  38119  1.7e+14   552  1.1   266  0.10  0.01    31
 372  0.008  0.265  34503  7.5e+13   415  0.8   208  0.60  0.01    26
 373  0.401  0.377  40284  1.9e+14   563  1.1   294  0.16  0.01    40
 374  0.880  0.384  37915  1.1e+14   465  0.9   434  0.21  0.01    23
 375  0.832  0.288  41736  6.6e+13   398  0.8   224  0.41  0.01    33
 376  0.695  0.374  40752  4.6e+13   354  0.7   256  0.35  0.01    25
 377  0.261  0.571  35232  1.1e+14   473  0.9   217  0.19  0.01    37
 378  0.960  0.592  43908  6.2e+13   391  0.8   278  0.19  0.01    31
 379  0.845  0.450  39069  8.3e+13   429  0.8   191  0.37  0.01    27
 380  0.220  1.005  42017  1.3e+14   501  1.0   273  0.13  0.01    41
 381  0.505  0.942  21282  3.0e+14   659  1.3   165  0.25  0.01   144
 382  0.096  0.966  37183  1.8e+14   556  1.1   266  0.19  0.01    72
 383  0.702  0.554  42329  3.8e+14   718  1.4   407  0.08  0.01    43
 384  0.250  0.107  42508  2.0e+14   580  1.1   375  0.13  0.01    32
 385  0.867  0.476  24569  8.6e+13   431  0.9   175  0.23  0.01    29
 386  0.616  0.508  43383  1.5e+14   524  1.0   218  0.49  0.01    11
 387  0.505  0.348  34501  2.3e+14   601  1.2   141  0.19  0.01    42
 388  0.918  0.988  27773  2.6e+14   627  1.2    99  0.24  0.01    36
 389  0.554  0.473  43224  8.9e+13   441  0.9   280  0.14  0.01    30
 390  0.024  0.847  42197  1.0e+14   459  0.9   195  0.42  0.01    27
 391  0.742  0.348  42778  8.2e+13   428  0.8   271  0.12  0.01    35
 392  0.771  0.554  38227     -1      -1   -1   214    -1    -1    -1
 393  0.115  0.978  42959  9.4e+13   449  0.9   286  0.49  0.01    15
 394  1.023  0.428  43925  7.2e+13   410  0.8   396  0.12  0.01    16
 395  0.513  0.375  40135  4.5e+14   761  1.5   328  0.15  0.01    42
 396  0.605  0.382  34201     -1      -1   -1   167    -1    -1    -1
 397  0.396  0.717  43028     -1      -1   -1   114    -1    -1    -1
 398  0.358  0.539  29345  1.7e+15  1185  2.3   332  0.06  0.00    94
 399  0.192  0.031  43412  7.0e+13   406  0.8   890  0.08  0.01    34
 400  0.832  0.793  41396  1.4e+14   516  1.0   162  0.39  0.01    37
 401  0.823  0.322  23268  9.5e+14   966  1.9   233  0.07  0.00   118
 402  0.509  1.004  37807  6.1e+13   388  0.8   161  0.33  0.01    40
 403  0.182  0.114  43295  1.1e+14   476  0.9   438  0.13  0.01    44
 404  0.895  0.362  37744  2.3e+14   604  1.2   237  0.16  0.01    38
 405  0.939  0.856  27235  1.4e+14   512  1.0   220  0.25  0.01    32
 406  0.478  0.359  38072  8.7e+13   436  0.9   347  0.15  0.01    30
 407  0.392  0.327  40151  4.7e+14   769  1.5   444  0.10  0.01    67
 408  0.059  0.402  38293  1.8e+14   560  1.1   381  0.17  0.01    27
 409  0.865  0.785  39155  1.2e+14   491  1.0   236  0.27  0.01    24
 410  0.028  0.721  26309  5.9e+13   380  0.8   121  0.49  0.01    34
 411  0.367  0.440  41802  6.7e+15  1886  3.7   169  0.04  0.01    26
 412  0.503  0.114  30630  2.0e+13   266  0.5   180  0.75  0.01    13
 413  0.224  0.691  36708  7.4e+13   413  0.8   323  0.20  0.01    29
 414  0.131  0.627  40803  6.2e+13   389  0.8   165  0.19  0.01    17
 415  0.505  0.454  40595  8.0e+13   425  0.8   227  0.55  0.01    15
 416  0.232  0.154  30687  1.6e+14   530  1.1   268  0.19  0.01    31
 417  1.012  0.116  39363  2.8e+14   643  1.3   677  0.10  0.01    55
 418  0.790  0.364  16071  8.6e+13   431  0.9   103  0.17  0.01    42
 419  0.529  0.062  25271     -1      -1   -1   210    -1    -1    -1
 420  0.773  0.178  35267  3.2e+14   675  1.3   174  0.15  0.01    35
 421  0.681  0.861  24242  4.1e+13   338  0.7    97  0.62  0.01    25
 422  0.967  0.991  38428  7.8e+13   421  0.8   146  0.38  0.01    29
 423  0.502  0.989  25558  1.3e+14   502  1.0   108  0.35  0.01    27
 424  0.389  0.278  42585  2.3e+14   604  1.2   346  0.07  0.01    26
 425  0.381  0.629  35424  3.8e+14   717  1.4   213  0.13  0.01    28
 426  0.976  0.423  25513  1.6e+14   537  1.1   158  0.19  0.01    36
 427  0.718  0.783  32882  1.4e+14   515  1.0   163  0.20  0.01    31
 428  0.022  0.184  24477  4.5e+13   348  0.7    87  0.53  0.01    20
 429  0.761  0.271  31320  9.6e+13   450  0.9   152  0.47  0.01    29
 430  0.889  0.559  33951  6.2e+13   389  0.8   312  0.36  0.01    39
 431  0.173  0.324  36673  7.5e+13   414  0.8   189  0.26  0.01    29
 432  0.969  0.371  15720  2.3e+14   597  1.2    99  0.19  0.01    24
 433  0.816  0.104  34989  1.4e+14   516  1.0   194  0.36  0.01    37
 434  0.450  0.272  41695  9.7e+13   453  0.9   511  0.10  0.01    38
 435  0.122  0.310  33767  1.1e+14   473  0.9   144  0.18  0.01    29
 436  0.438  0.266  42016  2.2e+14   597  1.2   562  0.10  0.01    30
 437  0.782  0.974  35371  9.9e+13   455  0.9   200  0.17  0.01    37
 438  0.612  0.539  42855  1.5e+14   522  1.0   226  0.23  0.01    38
 439  0.938  0.246  38628  1.4e+14   508  1.0   303  0.21  0.01    32
 440  0.037  0.969  43765  7.6e+13   417  0.8   108  0.21  0.01    32
 441  0.486  0.768  36187  6.8e+13   400  0.8   112  0.26  0.01    30
 442  0.957  0.515  43033  2.8e+14   647  1.3   248  0.08  0.01    28
 443  0.452  0.679  27252  1.5e+14   523  1.0   134  0.33  0.01    29
 444  0.100  0.541  23296  6.3e+13   388  0.8   131  0.27  0.01    48
 445  1.008  0.137  31101  1.9e+14   569  1.1   136  0.20  0.01    36
 446  0.157  0.156  25093  1.3e+14   490  1.0   228  0.26  0.01    36
 447  0.860  0.048  40354  1.1e+14   474  0.9   188  0.27  0.01    23
 448  0.877  0.521  33247  2.9e+14   655  1.3   164  0.34  0.01    35
 449  0.138  0.088  23614  2.7e+14   638  1.3   140  0.24  0.01    43
 450  0.971  0.189  32645  1.0e+14   463  0.9   233  0.23  0.01    25
 451  0.129  0.710  41048  1.1e+14   480  0.9   212  0.36  0.01    30
 452  0.529  0.286  43904  6.0e+13   385  0.8   290  0.30  0.01    18
 453  0.616  0.655  29884  7.6e+13   416  0.8   191  0.20  0.01    38
 454  0.631  0.949  41367  1.2e+14   486  1.0   123  0.49  0.01    30
 455  0.546  0.321  24899  2.0e+14   573  1.1    84  0.21  0.01    30
 456  0.203  0.305  30016  1.0e+14   462  0.9   138  0.22  0.01    33
 457  0.491  0.413  40099  2.0e+14   579  1.1   219  0.15  0.01    26
 458  0.242  0.539  36802  3.2e+13   313  0.6   410  0.24  0.01    21
 459  0.224  0.005  40145  1.7e+14   542  1.1   268  0.17  0.01    40
 460  0.073  0.732  40245  5.2e+14   794  1.6   400  0.14  0.01    94
 461  0.275  0.823  37019  9.3e+13   445  0.9   272  0.21  0.01    25
 462  0.969  0.261  40045     -1      -1   -1   176    -1    -1    -1
 463  0.297  0.207  43288  8.3e+13   431  0.8   270  0.18  0.01    33
 464  0.572  0.687  29710  1.5e+14   523  1.0   194  0.52  0.01    15
 465  0.764  0.490  19583  2.6e+14   622  1.3    83  0.42  0.01    37
 466  0.603  0.763  37545  7.0e+13   406  0.8   128  0.42  0.01    23
 467  0.911  0.235  44223  7.1e+13   409  0.8   159  0.25  0.01    30
 468  0.537  0.256  42983  9.6e+14   981  1.9   723  0.06  0.00    63
 469  0.120  0.989  43143  2.1e+14   586  1.1   290  0.19  0.01    44
 470  0.142  1.037  41341  2.3e+14   605  1.2   154  0.16  0.01    28
 471  0.196  0.433  42589  5.5e+13   374  0.7   279  0.40  0.01    27
 472  0.354  0.414  38724  1.5e+14   524  1.0   164  0.21  0.01    32
 473  0.636  0.735  37139  1.0e+14   461  0.9   248  0.14  0.01    32
 474  0.112  0.857  35292  1.4e+14   506  1.0   132  0.31  0.01    28
 475  0.261  0.012  44291  5.0e+13   363  0.7   143  0.49  0.01    18
 476  0.693  0.736  40629  1.4e+14   509  1.0   216  0.19  0.01    23
 477  0.992  0.420  42928  9.9e+13   457  0.9   281  0.16  0.01    36
 478  0.982  0.475  43656  7.3e+13   413  0.8   425  0.18  0.01    68
 479  0.262  0.474  23673  8.9e+14   947  1.9   184  0.09  0.00    35
 480  0.136  0.504  34529  9.7e+13   452  0.9   148  0.24  0.01    16
 481  0.074  0.921  42428  3.2e+13   313  0.6   221  0.23  0.01    18
 482  0.827  0.363  41562  5.8e+14   828  1.6   174  0.08  0.01    23
 483  0.828  0.327  26140  6.6e+15  1856  3.7   181  0.03  0.01    24
 484  0.441  0.331  39738  2.3e+14   603  1.2   304  0.12  0.01    31
 485  0.245  0.273  33503  1.8e+14   558  1.1   168  0.25  0.01    24
 486  0.655  0.516  16135  1.1e+14   469  1.0    67  0.15  0.01    26
 487  0.104  0.190  37660     -1      -1   -1   127    -1    -1    -1
 488  0.856  0.004  43166  1.5e+14   520  1.0   240  0.12  0.01    41
 489  0.419  0.261  27461  3.2e+13   310  0.6   105  0.80  0.01     0
 490  0.094  0.829   5705  1.3e+14   491  1.0    32  0.17  0.01    31
 491  0.316  0.427  43577  1.2e+14   482  0.9   202  0.10  0.01    35
 492  0.092  0.113  23140  3.6e+13   321  0.6   114  0.78  0.01     5
 493  0.503  0.138  39736  1.1e+14   478  0.9   169  0.20  0.01    44
 494  0.022  0.198  39252  4.6e+13   353  0.7   178  0.39  0.01    25
 495  0.039  0.395  38490  3.7e+14   707  1.4   526  0.09  0.01    27
 496  1.008  0.121  39313  8.1e+13   426  0.8   661  0.16  0.01    31
 497  0.995  0.484  20643  1.6e+14   526  1.1    59  0.26  0.01    27
 498  0.472  0.360  37919  1.1e+14   472  0.9   299  0.15  0.01    35
 499  0.311  0.173  30520  1.1e+14   475  0.9   287  0.19  0.01    36
 500  0.092  0.545  30747  4.4e+13   347  0.7   154  0.33  0.01    35
 501  0.188  0.552  38258  1.3e+14   500  1.0   291  0.23  0.01    37
 502  0.609  1.037  24865  1.1e+14   467  0.9    63  0.28  0.01    28
 503  0.904  0.530  33826  2.1e+14   581  1.1   266  0.09  0.01    23
 504  0.834  0.088  15993     -1      -1   -1    48    -1    -1    -1
 505  0.619  0.738  38147  9.5e+13   449  0.9   162  0.29  0.01    27
 506  0.184  0.039  44014  8.6e+13   436  0.9   348  0.47  0.01     0
 507  0.418  0.393  42478  6.8e+13   402  0.8   322  0.11  0.01    25
 508  0.322  0.356  43642  2.4e+14   613  1.2   299  0.07  0.01    33
 509  0.948  0.186  15362  6.6e+13   394  0.8    78  0.27  0.01    28
 510  0.202  0.681  36728  1.5e+14   524  1.0   255  0.20  0.01    21
 511  0.770  0.719  33058  1.1e+14   468  0.9   300  0.15  0.01    32
 512  0.615  0.660  29908  1.5e+14   527  1.0   184  0.21  0.01    23
 513  0.738  0.197  22929  8.0e+13   421  0.8    91  0.50  0.01    24
 514  0.805  0.327  22870  3.9e+13   331  0.7   165  0.26  0.01    25
 515  0.045  0.113  23311  7.3e+13   408  0.8   100  0.41  0.01    26
 516  0.278  0.819  36920  1.2e+14   486  1.0   249  0.21  0.01    16
 517  0.909  0.885  31532     -1      -1   -1   100    -1    -1    -1
 518  0.175  0.092  39436  7.9e+14   914  1.8   416  0.11  0.01   106
 519  0.185  0.015  29514  7.4e+13   411  0.8    86  0.73  0.01     0
 520  0.495  0.375  39790  1.1e+14   467  0.9   400  0.19  0.01    22
 521  0.174  0.046  44094     -1      -1   -1   252    -1    -1    -1
 522  0.713  0.554  42546  1.3e+15  1096  2.1   367  0.04  0.00    63
 523  0.676  0.061  33787  2.0e+14   578  1.1   162  0.16  0.01    33
 524  0.139  0.438  38155  1.3e+14   505  1.0   257  0.34  0.01    27
 525  0.709  0.472   5607  1.4e+14   504  1.0    36  0.25  0.01    32
 526  0.809  0.478  41991  9.5e+13   450  0.9   217  0.11  0.01    39
 527  0.932  0.301  36259  8.0e+13   423  0.8   275  0.21  0.01    23
 528  1.018  0.097  42600  6.1e+13   387  0.8   396  0.14  0.01    23
 529  0.146  0.534  35774  1.9e+14   569  1.1   253  0.13  0.01    33
 530  0.969  0.019  43154  6.8e+12   185  0.4   248  0.81  0.02     7
 531  0.577  0.393  23034  3.5e+14   695  1.4   154  0.24  0.01    63
 532  0.630  0.198  10617  1.1e+14   464  0.9    49  0.30  0.01    28
 533  0.563  0.014  25232  3.0e+14   660  1.3   227  0.21  0.01    48
 534  0.987  0.387  15423  4.9e+13   355  0.7   158  0.13  0.01    23
 535  0.889  0.570  33973  2.3e+14   608  1.2   257  0.37  0.01    30
 536  0.451  0.516   8409  1.1e+15   998  2.0    38  0.13  0.00    38
 537  0.319  0.753  36457  2.3e+14   608  1.2   135  0.21  0.01    37
 538  1.040  0.040  36283  1.2e+14   481  0.9    95  0.26  0.01    28
 539  0.051  0.098  42906  5.0e+13   362  0.7   593  0.15  0.01    23
 540  0.236  0.897  24490  2.9e+14   647  1.3    92  0.16  0.01    35
 541  0.238  0.501  25135  1.3e+14   500  1.0   218  0.32  0.01    46
 542  0.150  0.866  41343  1.1e+14   479  0.9   134  0.38  0.01    20
 543  0.765  0.433  42708  1.0e+14   465  0.9   197  0.21  0.01    29
 544  0.680  0.294  43379  2.2e+14   599  1.2   209  0.12  0.01    31
 545  0.077  0.567  36388  5.1e+14   792  1.6   362  0.32  0.01     7
 546  0.521  0.969  43255  5.2e+14   799  1.6   233  0.07  0.01    33
 547  0.108  0.497  44193  1.3e+14   495  1.0   258  0.06  0.01    22
 548  0.825  0.877  31575  1.3e+14   495  1.0   140  0.30  0.01    39
 549  0.209  0.030  31897  7.4e+13   413  0.8   229  0.25  0.01    23
 550  0.469  0.163  30631  2.3e+14   602  1.2   408  0.13  0.01    39
 551  0.168  0.268  34542  1.6e+14   532  1.1   285  0.27  0.01    44
 552  0.928  0.771  42070  2.6e+14   629  1.2   300  0.20  0.01    30
 553  0.106  0.504  44210  1.2e+14   492  1.0   247  0.49  0.01    13
 554  0.922  0.033  43227  7.4e+14   896  1.7   255  0.07  0.01    19
 555  0.189  0.954  44186  2.3e+13   279  0.5    64  0.74  0.01    18
 556  0.126  0.552  42366  6.9e+14   875  1.7   169  0.13  0.01    53
 557  0.427  0.169  31046     -1      -1   -1    86    -1    -1    -1
 558  1.000  0.264  27855  4.1e+13   338  0.7   201  0.32  0.01    33
 559  0.891  0.621  34863  1.2e+14   490  1.0   335  0.14  0.01    42
 560  0.199  0.344  28009  3.5e+13   319  0.6    91  0.41  0.01    19
 561  0.546  0.632  32329  5.2e+13   365  0.7   108  0.61  0.01    24
 562  0.781  0.039  43730  8.7e+13   437  0.9   201  0.24  0.01    24
 563  0.068  0.738  30905  4.2e+13   340  0.7    82  0.39  0.01    19
 564  0.662  0.343  43151  6.7e+13   401  0.8   162  0.30  0.01    30
 565  0.748  0.482  42626  9.4e+13   449  0.9   345  0.12  0.01    27
 566  0.877  0.691  34845     -1      -1   -1    96    -1    -1    -1
 567  0.851  0.322  41728  5.8e+13   381  0.7   362  0.16  0.01    23
 568  0.099  0.180  31812  1.5e+14   525  1.0   165  0.20  0.01    38
 569  0.225  0.845  36510  3.0e+13   305  0.6   145  0.74  0.01    15
 570  0.964  0.336  29148  6.1e+13   385  0.8   173  0.19  0.01    31
 571  0.552  0.849  33085  3.9e+13   331  0.7    78  0.41  0.01    19
 572  0.321  0.825  24785  3.2e+13   308  0.6    79  0.80  0.01    18
 573  0.980  0.039  36883  7.2e+13   409  0.8   123  0.24  0.01    25
 574  0.267  0.857  39766  2.9e+13   303  0.6   165  0.29  0.01    17
 575  0.601  0.288  35718  2.3e+14   602  1.2   277  0.15  0.01    38
 576  0.192  0.431  42514  4.2e+14   743  1.4   246  0.27  0.01    37
 577  0.955  0.266  21102  4.0e+13   333  0.7   146  0.47  0.01    18
 578  0.029  0.337   6214  8.5e+13   426  0.9    49  0.35  0.01    35
 579  0.080  0.170  28790  2.1e+14   582  1.2   129  0.18  0.01    27
 580  0.341  0.845  41797  1.1e+14   479  0.9   111  0.32  0.01    21
 581  0.538  0.811  32429  1.1e+14   471  0.9   136  0.15  0.01    18
 582  0.949  0.395  34665  6.5e+12   182  0.4   145  0.93  0.02    13
 583  0.293  0.482  31888  7.1e+13   405  0.8   135  0.33  0.01    33
 584  0.464  0.962  43792  9.8e+13   456  0.9   207  0.15  0.01    39
 585  0.949  0.288  20324  6.0e+13   382  0.8   138  0.33  0.01    25
 586  0.603  0.506  36842  1.2e+14   487  1.0   308  0.14  0.01    20
 587  0.122  0.535  34222  2.0e+14   581  1.1   168  0.17  0.01    16
 588  0.798  0.173  35693  1.6e+14   535  1.1   298  0.19  0.01    24
 589  0.184  0.141  24419  1.2e+14   490  1.0   365  0.22  0.01    35
 590  0.419  0.425  43935  1.7e+14   552  1.1   172  0.12  0.01    24
 591  0.956  0.427  25395  9.3e+13   444  0.9   176  0.18  0.01    28
 592  0.492  0.441  40311  5.5e+13   375  0.7   244  0.25  0.01    22
 593  0.564  1.011  40910  8.1e+13   427  0.8   150  0.61  0.01    14
 594  0.339  0.667  41897  3.9e+13   335  0.7   158  0.57  0.01    21
 595  0.568  0.938  41557  1.8e+14   554  1.1   144  0.41  0.01    37
 596  0.078  0.118  42096  1.2e+14   483  0.9   395  0.13  0.01    24
 597  0.038  0.445  29641  9.5e+13   448  0.9   157  0.32  0.01    24
 598  0.351  0.627  37840  8.2e+13   428  0.8   111  0.67  0.01    15
 599  0.779  0.328   9110  1.9e+14   556  1.1    41  0.34  0.01    31
 600  0.320  0.537  21043  7.7e+13   415  0.8   112  0.60  0.01    28
 601  0.821  0.268  41952  7.6e+13   417  0.8   135  0.19  0.01    27
 602  0.555  0.945  26004     -1      -1   -1    82    -1    -1    -1
 603  0.716  0.413  42669  6.1e+13   388  0.8   161  0.18  0.01    23
 604  0.734  0.866  27931  6.9e+13   401  0.8    52  0.29  0.01    16
 605  0.599  0.605  30890  6.4e+13   391  0.8   191  0.19  0.01    31
 606  1.021  0.259  41085  7.0e+13   406  0.8   305  0.52  0.01    15
 607  0.136  0.022  28352  6.1e+13   386  0.8    79  0.32  0.01    21
 608  0.341  0.108  31264  8.5e+13   431  0.9   113  0.31  0.01    24
 609  0.859  0.892  32126  8.8e+13   436  0.9    80  0.44  0.01    31
 610  0.220  0.017  32170  1.3e+14   493  1.0   221  0.28  0.01    28
 611  0.958  0.275  44158  6.2e+15  1836  3.5   184  0.04  0.01    23
 612  0.101  0.911  42406  5.2e+13   368  0.7   161  0.34  0.01    17
 613  0.634  0.366  20710  1.3e+14   499  1.0    57  0.42  0.01    27
 614  0.686  0.411  17649  5.8e+13   377  0.8    56  0.66  0.01    25
 615  0.488  0.171  30181  6.8e+14   867  1.7   240  0.11  0.01    39
 616  0.860  0.746  33799  5.6e+13   376  0.7   118  0.70  0.01    23
 617  0.854  0.486  24570  5.2e+14   791  1.6   161  0.17  0.01    40
 618  0.356  0.047  43015  1.1e+14   468  0.9   262  0.19  0.01    26
 619  0.387  0.370  39868  5.5e+13   375  0.7   257  0.30  0.01    19
 620  0.601  0.680  29748  7.4e+13   411  0.8   120  0.23  0.01    37
 621  0.187  0.240  26633  1.4e+14   509  1.0    74  0.35  0.01    22
 622  0.566  0.613  41584  4.1e+13   339  0.7   164  0.67  0.01    15
 623  0.258  0.196  34089  1.6e+14   535  1.1   207  0.25  0.01    22
 624  0.095  0.141  41821  1.7e+14   547  1.1   252  0.11  0.01    31
 625  0.068  0.823  25416  5.9e+13   380  0.8   169  0.10  0.01    19
 626  0.354  1.023  30327  5.0e+14   780  1.5    91  0.18  0.01    28
 627  0.013  0.378  40165  5.9e+13   383  0.8   263  0.56  0.01     2
 628  0.095  0.569  43857  1.6e+14   535  1.0   359  0.14  0.01    29
 629  0.776  0.110  34458  9.6e+13   450  0.9   248  0.24  0.01    18
 630  0.714  0.001  25285  2.0e+14   571  1.1    77  0.43  0.01    22
 631  1.006  0.173  38836  7.9e+13   422  0.8   182  0.32  0.01    30
 632  0.398  0.279  22618  6.6e+13   395  0.8   116  0.38  0.01    24
 633  0.255  0.810  36921  6.2e+13   389  0.8   194  0.17  0.01    23
 634  0.852  0.520  31949  1.5e+14   524  1.0   116  0.18  0.01    28
 635  0.030  0.374  38318  5.4e+13   371  0.7   411  0.17  0.01    21
 636  0.863  0.989  27393  9.8e+13   452  0.9    61  0.60  0.01    30
 637  0.904  0.332  37532  5.8e+13   381  0.8   253  0.38  0.01    31
 638  0.485  0.413  21388  3.0e+13   301  0.6    58  0.57  0.01    17
 639  0.889  0.592  34350  4.7e+13   355  0.7   184  0.33  0.01    20
 640  0.311  0.602  43443  7.3e+13   412  0.8   116  0.33  0.01    21
 641  0.817  0.016  29529  1.8e+14   555  1.1   160  0.53  0.01    13
 642  1.025  0.063  22006  1.4e+14   504  1.0   100  0.26  0.01    24
 643  1.014  0.420  43619  1.1e+14   468  0.9   456  0.10  0.01    25
 644  0.875  0.134  43852  7.5e+13   416  0.8   258  0.53  0.01    13
 645  0.418  0.740  42433  1.3e+14   498  1.0   274  0.10  0.01    22
 646  0.818  0.068  16146  6.4e+13   390  0.8    43  0.21  0.01    29
 647  0.200  1.020  41983  5.4e+13   371  0.7   239  0.15  0.01    27
 648  0.681  0.742  40528  2.8e+14   645  1.3   208  0.17  0.01    25
 649  0.919  0.489  35705  3.3e+13   314  0.6   185  0.69  0.01    14
 650  0.335  0.965  31233     -1      -1   -1    84    -1    -1    -1
 651  0.110  0.643  40578  2.6e+15  1370  2.7   171  0.05  0.01    24
 652  0.719  0.437  35873  6.4e+13   393  0.8   118  0.69  0.01    15
 653  0.398  0.276  43300  1.6e+14   531  1.0   310  0.43  0.01     6
 654  0.853  0.063  40075  5.1e+14   792  1.5   190  0.16  0.01    28
 655  0.700  0.391  23690     -1      -1   -1    63    -1    -1    -1
 656  0.212  0.315  44255  3.7e+13   327  0.6   173  0.67  0.01    15
 657  0.803  0.847  24162  7.9e+13   419  0.8    75  0.52  0.01    23
 658  0.604  0.653  24001  1.4e+14   507  1.0   104  0.34  0.01    27
 659  0.884  0.147  43763  6.7e+13   400  0.8   250  0.24  0.01    22
 660  0.978  0.376  15644  2.7e+14   630  1.3   125  0.09  0.01    28
 661  0.063  1.005  24092  4.4e+13   346  0.7    43  0.93  0.01    15
 662  0.580  0.391  23029  3.7e+14   707  1.4   167  0.21  0.01    58
 663  0.609  0.490  36122  7.3e+13   411  0.8   288  0.21  0.01    25
 664  0.583  1.017  24802  1.4e+14   512  1.0    94  0.21  0.01    25
 665  0.447  0.148  30965  4.6e+15  1645  3.2   139  0.27  0.01    10
 666  0.215  0.535  37019  6.9e+13   402  0.8   311  0.22  0.01    18
 667  0.189  0.976  28700  1.0e+14   457  0.9    76  0.35  0.01    32
 668  0.320  0.858  37766  1.1e+14   466  0.9   192  0.55  0.01    13
 669  0.537  0.959  32401  4.7e+13   353  0.7    72  0.31  0.01    22
 670  0.611  0.896  41229  5.2e+13   367  0.7    90  0.75  0.01    14
 671  0.182  0.032  44083  2.8e+13   298  0.6   271  0.30  0.01    20
 672  0.276  0.451  37890  7.3e+13   410  0.8    95  0.54  0.01    18
 673  1.021  0.529  43706  9.9e+13   457  0.9   323  0.06  0.01    26
 674  0.646  0.060  33523  4.7e+13   354  0.7   172  0.66  0.01     2
 675  0.111  0.360  38108  1.6e+14   534  1.0   248  0.10  0.01    22
 676  0.039  0.947  42760  1.6e+14   541  1.1    96  0.20  0.01    18
 677  0.998  0.524  42534  2.8e+13   298  0.6   168  0.34  0.01    17
 678  0.749  0.745  23052  1.4e+14   507  1.0   137  0.22  0.01    25
 679  0.694  0.188  23420  4.4e+13   345  0.7   106  0.44  0.01    16
 680  0.588  0.282  22110  2.1e+14   582  1.2    86  0.23  0.01    27
 681  0.375  0.198  36279  1.7e+14   547  1.1   175  0.28  0.01    30
 682  0.102  0.360  43830  1.1e+14   480  0.9   126  0.07  0.01    21
 683  1.028  0.249  42066  2.3e+14   608  1.2   233  0.12  0.01    18
 684  0.031  0.385  38361  1.5e+13   243  0.5   436  0.23  0.02    22
 685  0.113  0.621  41126  2.7e+14   640  1.3   302  0.25  0.01    32
 686  1.018  0.110  39443  6.9e+14   875  1.7   619  0.08  0.01    42
 687  0.188  0.153  43360  2.1e+13   270  0.5   207  0.46  0.01    17
 688  0.800  0.093  42569  1.2e+14   482  0.9   284  0.10  0.01    28
 689  0.583  0.083  37259  4.9e+13   360  0.7   194  0.63  0.01    13
 690  0.751  0.936  26365  7.0e+13   403  0.8    81  0.57  0.01    18
 691  0.715  0.200  23091  1.0e+14   457  0.9   126  0.35  0.01    26
 692  0.020  0.111  41023  4.5e+14   759  1.5   249  0.15  0.01    34
 693  0.190  0.831  44370  7.5e+13   417  0.8   253  0.29  0.01    29
 694  0.340  0.730  32110     -1      -1   -1   132    -1    -1    -1
 695  0.054  0.098  42974  2.1e+14   592  1.2   566  0.10  0.01    30
 696  0.182  0.140  43032  4.6e+13   353  0.7   131  0.70  0.01     0
 697  0.596  1.018  42127  1.2e+14   490  1.0   156  0.17  0.01    16
 698  0.452  0.353  42768  1.1e+14   471  0.9   380  0.13  0.01    32
 699  0.746  0.421  25137  9.1e+13   439  0.9   184  0.18  0.01    26
 700  0.536  0.064  35740  7.1e+13   407  0.8   140  0.65  0.01    12
 701  0.750  0.102  39210  3.2e+14   674  1.3   414  0.14  0.01    93
 702  0.088  0.122  41824  1.6e+14   538  1.1   359  0.12  0.01    16
 703  0.098  0.499  44080  8.1e+13   427  0.8   299  0.09  0.01    19
 704  0.959  0.150  14183  7.7e+13   413  0.8    62  0.66  0.01    27
 705  0.980  0.735  28124  3.8e+13   328  0.7    71  0.94  0.01    17
 706  0.622  0.209  28970  1.0e+14   455  0.9   102  0.62  0.01    29
 707  1.024  0.173  31986  2.1e+14   583  1.2   353  0.13  0.01    62
 708  0.033  0.636  31175  1.2e+14   485  1.0   171  0.25  0.01    34
 709  0.958  0.267  33973  1.7e+14   543  1.1   227  0.48  0.01     8
 710  0.238  0.129  31657  4.5e+12   160  0.3   197  0.92  0.02    12
 711  0.210  0.253  40441  1.6e+14   533  1.0   188  0.28  0.01    20
 712  0.171  0.109  39081  1.3e+14   494  1.0   413  0.13  0.01    27
 713  0.063  0.899   4428  1.9e+14   554  1.1    34  0.17  0.01    34
 714  0.049  0.480  30196  1.1e+14   470  0.9   177  0.19  0.01    22
 715  0.394  0.301  41193  5.5e+13   375  0.7   290  0.20  0.01    24
 716  0.088  0.708  37427  6.2e+13   389  0.8   173  0.23  0.01    20
 717  0.690  0.632  35711  1.9e+14   563  1.1   185  0.14  0.01    19
 718  0.091  0.304  38811  1.0e+14   461  0.9   186  0.22  0.01    22
 719  1.011  0.676  42495  1.5e+14   526  1.0   237  0.15  0.01    24
 720  0.099  0.752  31337  7.4e+13   413  0.8   129  0.57  0.01    18
 721  0.346  0.308  31111  1.4e+14   511  1.0   157  0.25  0.01    32
 722  0.064  0.443   2075  7.5e+13   409  0.8    16  0.20  0.01    16
 723  0.678  0.323  26746  8.5e+13   430  0.9    78  0.29  0.01    21
 724  0.135  0.361  38288  5.2e+14   796  1.6   317  0.08  0.01    31
 725  0.544  0.248  42977  1.4e+14   509  1.0   630  0.08  0.01    59
 726  0.933  0.316  43142  4.9e+13   362  0.7   239  0.42  0.01    19
 727  0.474  0.366  37664  1.3e+14   493  1.0   311  0.13  0.01    30
 728  1.014  0.225  30007  6.7e+13   398  0.8   103  0.57  0.01    18
 729  0.365  0.554  29186  1.1e+14   466  0.9   347  0.13  0.01    52
 730  0.920  0.627  34990  9.8e+13   453  0.9   384  0.18  0.01    32
 731  0.179  0.104  39516     -1      -1   -1   332    -1    -1    -1
 732  0.048  0.098  42820  5.8e+13   381  0.7   612  0.13  0.01    18
 733  0.072  0.730  40089  5.7e+14   820  1.6   417  0.11  0.01   103
 734  0.499  0.380  39947  7.1e+12   188  0.4   409  0.72  0.02    11
 735  0.479  0.138  30653  9.2e+13   443  0.9   315  0.22  0.01    29
 736  0.754  0.012  25320  5.7e+13   376  0.8   161  0.22  0.01    16
 737  0.449  0.965  43826  5.7e+13   380  0.7   178  0.14  0.01    32
 738  0.720  0.568  44125  4.4e+13   348  0.7   249  0.59  0.01     9
 739  0.605  0.283  35867  5.0e+13   363  0.7   302  0.21  0.01    22
 740  0.553  0.632  20353  6.6e+13   395  0.8    73  0.28  0.01    34
 741  0.811  0.451  25242  7.6e+14   898  1.8   210  0.11  0.01    55
 742  0.925  0.850  43747  2.2e+12   127  0.3   197  1.00  0.02     7
 743  0.278  0.168  34387  1.7e+14   541  1.1   336  0.27  0.01    47
 744  0.276  0.972  41683  4.6e+13   352  0.7   248  0.07  0.01    27
 745  0.964  0.400  34993  1.6e+14   536  1.1   228  0.35  0.01    22
 746  0.794  0.041  35130  5.0e+13   362  0.7   428  0.21  0.01    29
 747  0.559  0.443  22257  4.3e+13   342  0.7    97  0.29  0.01    25
 748  0.759  0.019  25333  4.8e+13   355  0.7   192  0.27  0.01    17
 749  0.238  0.526  36989  1.5e+14   522  1.0   385  0.17  0.01    26
 750  0.134  0.345  38242  2.1e+14   586  1.2   400  0.10  0.01    28
 751  0.523  0.744  32808  7.2e+14   886  1.7   188  0.13  0.01    37
 752  0.797  0.992  42709  4.8e+13   358  0.7   122  0.31  0.01    26
 753  0.290  0.140  23229  8.5e+13   429  0.9    72  0.31  0.01    21
 754  0.800  0.467  25027  1.4e+14   515  1.0   246  0.16  0.01    20
 755  0.932  0.407  24824  6.1e+13   384  0.8   124  0.33  0.01    21
 756  0.122  0.260  34850     -1      -1   -1   214    -1    -1    -1
 757  0.750  0.804  33293  5.4e+13   370  0.7   180  0.49  0.01    19
 758  0.189  0.117  23651  6.3e+13   390  0.8   139  0.32  0.01    22
 759  0.819  0.297  16175  2.2e+14   591  1.2   128  0.11  0.01    29
 760  0.442  0.286  40415  1.0e+14   461  0.9   527  0.14  0.01    22
 761  0.742  0.550  30506  1.5e+14   526  1.0   164  0.16  0.01    47
 762  0.008  0.615  33542  1.4e+14   511  1.0   197  0.25  0.01    43
 763  0.281  0.973  41620  7.2e+13   410  0.8   257  0.06  0.01    26
 764  0.457  0.833  39092     -1      -1   -1   186    -1    -1    -1
 765  0.398  0.537  28076  4.2e+13   339  0.7   178  0.39  0.01    21
 766  0.095  0.965  37177  1.4e+14   506  1.0   263  0.22  0.01    64
 767  0.327  0.171  42624     -1      -1   -1   163    -1    -1    -1
 768  0.707  0.559  42331  4.4e+13   347  0.7   378  0.12  0.01    16
 769  0.038  0.412  21490  2.8e+13   297  0.6    80  0.65  0.01    21
 770  0.938  0.841  36691  5.5e+13   374  0.7   122  0.30  0.01    20
 771  0.078  0.068  40247  6.8e+13   401  0.8   167  0.26  0.01    18
 772  0.822  0.349  21938  1.1e+14   468  0.9   111  0.23  0.01    20
 773  0.986  1.023  28056     -1      -1   -1    93    -1    -1    -1
 774  0.826  0.256  32183  6.1e+13   386  0.8   110  0.36  0.01    20
 775  0.095  0.508  30302  7.8e+13   418  0.8   212  0.60  0.01    18
 776  0.179  0.056  44008  1.1e+14   473  0.9   331  0.13  0.01    22
 777  0.612  0.645  23724  2.1e+13   267  0.5    81  0.91  0.01     0
 778  0.275  0.170  34358  6.7e+13   398  0.8   325  0.35  0.01    31
 779  0.722  0.739  23623  1.2e+14   480  1.0   191  0.09  0.01    38
 780  0.508  0.282  32459  2.0e+13   267  0.5   145  0.79  0.01    14
 781  0.034  0.634  31177  1.1e+14   474  0.9   183  0.23  0.01    42
 782  0.811  0.116  23364  2.9e+12   138  0.3    26  1.40  0.02     0
 783  0.577  1.013  27704  7.9e+13   420  0.8    47  0.84  0.01     0
 784  0.244  0.026  44026  4.5e+13   351  0.7   253  0.50  0.01    37
 785  0.228  0.513  25105  2.6e+13   287  0.6   190  0.61  0.01    16
 786  0.621  0.843  27217  4.4e+14   747  1.5   123  0.11  0.01    24
 787  0.059  0.034  27259  1.2e+14   484  1.0   158  0.18  0.01    25
 788  0.319  0.388  26456  1.3e+14   500  1.0   131  0.28  0.01    27
 789  0.863  0.929  35480  5.4e+13   372  0.7   103  0.41  0.01    22
 790  0.696  0.565  33379  6.4e+13   393  0.8   143  0.44  0.01    23
 791  0.455  0.847  23605  8.6e+13   431  0.9    84  0.24  0.01    28
 792  0.501  0.969  26431  3.2e+13   311  0.6   114  0.50  0.01    21
 793  0.451  0.372  42993  1.4e+14   516  1.0   369  0.11  0.01    28
 794  0.616  0.172  29306  8.5e+13   431  0.9   106  0.50  0.01    26
 795  0.024  0.773  41827  2.1e+13   270  0.5   291  0.36  0.01    18
 796  0.696  0.124  25616  1.2e+14   480  1.0    74  0.31  0.01    17
 797  0.402  0.063  43087  6.3e+13   392  0.8   186  0.16  0.01    26
 798  0.834  0.606  42122  9.5e+13   449  0.9   110  0.43  0.01    26
 799  0.865  0.393  24386  9.4e+13   445  0.9   233  0.24  0.01    26
 800  0.096  0.542  43920  6.3e+15  1846  3.6   165  0.03  0.01    41
 801  0.222  0.276  40245  7.3e+13   412  0.8   184  0.27  0.01    27
 802  0.338  0.415  25565  9.1e+13   439  0.9   266  0.21  0.01    19
 803  0.116  1.025  40298  7.7e+14   910  1.8   125  0.14  0.01    42
 804  0.852  0.319  41715  7.2e+13   410  0.8   354  0.16  0.01    21
 805  1.011  0.332  22367     -1      -1   -1   123    -1    -1    -1
 806  0.218  0.066  42269  7.1e+13   407  0.8   438  0.09  0.01    20
 807  0.011  0.053  40520     -1      -1   -1   138    -1    -1    -1
 808  0.243  0.506  25100  8.1e+13   423  0.8   223  0.41  0.01    23
 809  0.224  0.185  34804  8.5e+13   432  0.9   187  0.58  0.01    15
 810  1.028  0.423  44080  1.1e+15  1021  2.0   364  0.06  0.00    79
 811  0.341  0.646  36270  2.8e+14   646  1.3   158  0.14  0.01    18
 812  0.350  0.870  24519  4.8e+13   356  0.7    87  0.79  0.01    13
 813  0.928  0.765  42053  7.0e+13   407  0.8   296  0.29  0.01    24
 814  0.677  0.169  44071  2.2e+13   277  0.5   129  0.79  0.01    10
 815  0.228  0.474  25899  9.7e+12   208  0.4   133  0.91  0.02    10
 816  0.359  0.002  39240  2.0e+14   582  1.1   194  0.17  0.01    26
 817  1.014  0.334  31131  1.0e+14   456  0.9   207  0.21  0.01    29
 818  0.649  0.598  18050  5.3e+14   791  1.6    78  0.28  0.01    39
 819  0.345  0.387  43297  1.1e+14   469  0.9   195  0.62  0.01    20
 820  0.361  0.381  39056     -1      -1   -1   251    -1    -1    -1
 821  0.201  0.545  21848  6.9e+13   400  0.8   166  0.21  0.01    25
 822  1.038  0.150  25267  7.5e+13   412  0.8    85  0.62  0.01    25
 823  0.959  0.274  33957  5.3e+13   368  0.7   260  0.22  0.01    21
 824  0.962  0.190  25245  3.6e+14   702  1.4   236  0.09  0.01    25
 825  0.133  0.666  43797  5.6e+13   377  0.7   204  0.28  0.01    23
 826  0.281  0.655  38183  8.1e+13   425  0.8   247  0.27  0.01    30
 827  0.699  0.020  37920  5.0e+13   363  0.7   389  0.21  0.01    27
 828  0.956  0.193  24894  1.6e+15  1146  2.3   294  0.06  0.00    84
 829  0.603  0.758  30936  6.7e+13   399  0.8   138  0.27  0.01    27
 830  0.231  0.808  36642  4.7e+11    76  0.2   122  1.32  0.03     2
 831  0.538  0.455  21999  1.1e+14   466  0.9    73  0.72  0.01    15
 832  0.818  0.226  15827  7.4e+13   408  0.8   120  0.19  0.01    21
 833  0.275  0.004  38154  3.9e+13   333  0.7   213  0.32  0.01    16
 834  0.431  0.352  43909  5.7e+13   380  0.7   154  0.21  0.01    20
 835  0.039  0.239  24722  1.8e+14   552  1.1    72  0.54  0.01    20
 836  0.157  0.197  28556  8.7e+13   435  0.9   149  0.28  0.01    19
 837  0.835  0.333  23049  3.8e+14   713  1.4   246  0.10  0.01    29
 838  0.301  0.030  39278  1.0e+13   213  0.4   225  0.78  0.02    11
 839  0.203  0.032  43364  2.1e+15  1277  2.5   880  0.03  0.01   124
 840  0.681  0.657  35500  2.1e+13   271  0.5    73  0.91  0.01     0
 841  0.551  0.061  37176  8.6e+13   434  0.9   126  0.20  0.01    24
 842  0.536  1.031  40385  6.3e+13   392  0.8   190  0.27  0.01    16
 843  0.160  1.041  41312  1.2e+13   225  0.4   136  0.86  0.02     9
 844  0.188  0.327  36781  9.2e+13   444  0.9   230  0.22  0.01    25
 845  0.829  0.444  25332  2.2e+14   591  1.2   204  0.20  0.01    44
 846  0.213  0.262  28884  2.1e+14   585  1.2    85  0.21  0.01    16
 847  0.862  0.254  15826  1.3e+13   229  0.5    45  1.09  0.02     8
 848  0.454  0.836  39365  6.0e+13   385  0.8   156  0.29  0.01    26
 849  0.474  0.376  36342  7.7e+13   418  0.8    93  0.71  0.01     0
 850  0.226  0.560  37336  1.4e+14   513  1.0   188  0.22  0.01    27
 851  0.888  0.997  36229  5.9e+13   383  0.8    85  0.55  0.01    23
 852  0.996  0.411  42926  8.1e+13   427  0.8   303  0.21  0.01    19
 853  0.135  0.972  36140  4.6e+13   351  0.7   170  0.33  0.01    22
 854  0.538  0.831  42474  1.2e+14   484  0.9   176  0.17  0.01    20
 855  0.520  0.621  32936  1.9e+14   569  1.1   104  0.21  0.01    21
 856  0.531  0.387  43939  4.5e+13   351  0.7   127  0.76  0.01    19
 857  0.411  0.948  23168  6.1e+13   385  0.8    67  0.55  0.01    17
 858  0.559  0.680  41477  2.8e+13   299  0.6   140  0.75  0.01    10
 859  0.182  0.384  37447  3.5e+11    68  0.1   182  1.27  0.03     5
 860  0.184  0.106  43256  1.6e+14   541  1.1   438  0.38  0.01     6
 861  0.741  0.230  38162  4.4e+13   346  0.7   207  0.63  0.01    12
 862  0.916  0.509  14808  7.1e+13   403  0.8    28  0.96  0.01     9
 863  0.714  0.352  40890  1.8e+14   554  1.1   190  0.13  0.01    31
 864  0.142  0.735  27560  4.9e+13   357  0.7   257  0.60  0.01    14
 865  0.735  0.703  42943  2.9e+14   654  1.3   390  0.09  0.01    17
 866  0.767  0.205  32357  1.3e+13   232  0.5   105  0.90  0.02    15
 867  0.189  0.375  28374  1.4e+14   505  1.0    95  0.49  0.01    16
 868  0.410  0.063   7620  3.1e+14   662  1.4    52  0.30  0.01    33
 869  0.227  0.535  36689  5.4e+13   371  0.7   327  0.54  0.01    15
 870  0.229  0.529  36766  2.7e+13   296  0.6   377  0.22  0.01    17
 871  0.270  0.706  36478  5.4e+13   372  0.7   156  0.66  0.01    15
 872  0.217  0.325  31351  6.7e+13   399  0.8   119  0.40  0.01    19
 873  0.507  0.767  43812  3.2e+14   680  1.3   132  0.49  0.01    10
 874  0.645  0.222  38070  6.3e+13   392  0.8   177  0.43  0.01    19
 875  0.410  0.796  38355  2.2e+13   274  0.5   145  0.77  0.01    15
 876  0.116  1.010  28356  8.4e+13   429  0.9    29  0.92  0.01    11
 877  0.858  0.503  43747  1.1e+13   218  0.4   209  0.78  0.02    15
 878  0.123  0.198  43994  2.1e+13   270  0.5   162  0.75  0.01    11
 879  0.287  0.122  39117  4.2e+15  1602  3.1   362  0.05  0.01    40
 880  0.422  0.313  31710  9.2e+12   204  0.4    99  0.96  0.02     0
 881  0.604  0.817  28043  9.9e+13   453  0.9   135  0.26  0.01    25
 882  0.092  0.103  23175  1.6e+13   244  0.5   124  0.86  0.02    15
 883  0.722  0.618  32340  3.5e+13   319  0.6   151  0.25  0.01    17
 884  0.518  0.533  40835  8.6e+13   434  0.9   282  0.51  0.01    13
 885  0.960  0.200  32897  4.1e+12   156  0.3   222  0.91  0.02     8
 886  0.448  0.402  43222  1.3e+14   503  1.0   546  0.16  0.01    23
 887  0.305  0.158  30309  3.5e+14   697  1.4   374  0.35  0.01     5
 888  0.142  0.704  41335  1.1e+14   478  0.9   204  0.37  0.01    19
 889  0.525  0.294  44012  6.6e+11    85  0.2   244  1.12  0.03     3
 890  0.881  0.075  15954  1.5e+14   517  1.0    99  0.28  0.01    26
 891  0.057  0.105  42989  2.0e+14   575  1.1   469  0.36  0.01    11
 892  0.904  0.216  44454  3.8e+13   332  0.6   201  0.64  0.01    14
 893  0.148  0.711  35262  2.7e+13   295  0.6   166  0.75  0.01    20
 894  0.046  0.103  42518  9.5e+13   450  0.9   569  0.11  0.01    16
 895  0.140  0.408  27603  4.9e+13   357  0.7    90  0.64  0.01    18
 896  0.293  0.842  30489  1.2e+14   491  1.0    51  0.76  0.01    14
 897  0.615  1.025  19936  5.5e+13   370  0.7    89  0.51  0.01    16
 898  0.195  0.771  22205  9.5e+12   206  0.4    49  1.11  0.02    12
 899  0.993  0.086  43167  5.9e+13   383  0.7   212  0.26  0.01    31
 900  0.844  0.291  25988  7.4e+14   892  1.8   154  0.40  0.01    11
 901  0.035  0.784  25539  1.2e+14   477  1.0    63  0.51  0.01    24
 902  0.081  0.138  40631  8.5e+13   433  0.8   301  0.19  0.01    21
 903  0.922  0.765  42050  4.2e+13   342  0.7   285  0.32  0.01    22
 904  0.051  0.249  41956  6.8e+13   403  0.8   225  0.40  0.01    22
 905  0.554  0.237  43143  3.6e+13   324  0.6   447  0.17  0.01    23
 906  0.889  0.621  34848  1.6e+14   535  1.1   329  0.14  0.01    38
 907  0.083  0.314  26130  3.2e+13   310  0.6   102  0.45  0.01    22
 908  0.572  0.689  34968  1.1e+14   468  0.9   115  0.34  0.01    20
 909  0.189  0.142  43315  9.8e+13   454  0.9   213  0.31  0.01    18
 910  0.475  0.221  41996  5.9e+13   384  0.8   195  0.21  0.01    21
 911  0.755  0.498  15494  2.3e+13   274  0.6    53  0.84  0.01    20
 912  0.785  0.189  43155  9.5e+13   451  0.9   237  0.11  0.01    21
 913  0.786  0.754  33830  7.1e+13   407  0.8   129  0.66  0.01    11
 914  0.515  0.708  41420  1.5e+15  1149  2.2   178  0.07  0.00    18
 915  0.693  0.488  24389  1.9e+14   565  1.1    86  0.16  0.01    19
 916  0.676  0.743  24124  3.9e+13   331  0.7    51  0.91  0.01    11
 917  0.265  0.145  38948  1.1e+13   215  0.4   223  0.78  0.02     9
 918  0.842  0.444  25305  1.1e+12    99  0.2   193  1.13  0.02     4
 919  0.334  0.728  31418  1.2e+13   223  0.4   278  0.74  0.02     9
 920  0.969  0.894  29175  4.4e+13   345  0.7    83  0.80  0.01    10
 921  0.153  0.477  38256  1.6e+14   531  1.0   144  0.22  0.01    18
 922  0.365  0.399  38813  5.1e+13   365  0.7   213  0.58  0.01    19
 923  0.008  0.029  40753     -1      -1   -1   329    -1    -1    -1
 924  0.216  0.958  23457  7.7e+13   416  0.8   100  0.37  0.01    18
 925  0.733  0.245  38335  1.1e+14   465  0.9   365  0.25  0.01    26
 926  0.542  0.049  25265  2.1e+13   270  0.5   190  0.75  0.01    15
 927  0.336  0.234  42520  6.8e+13   402  0.8   158  0.19  0.01    21
 928  0.614  0.977  25052  6.5e+13   393  0.8   101  0.27  0.01    25
 929  0.826  0.244  24426  3.3e+13   313  0.6    53  0.93  0.01    13
 930  0.094  0.078  34149  4.9e+13   358  0.7   109  0.31  0.01    23
 931  0.790  0.557  24771  1.1e+14   470  0.9   123  0.41  0.01    16
 932  0.761  0.285  23058  2.0e+13   266  0.5   110  0.85  0.01    11
 933  0.732  0.912  26677  4.8e+13   356  0.7    38  0.54  0.01    18
 934  0.723  0.635  42725  1.3e+14   495  1.0   154  0.56  0.01    15
 935  0.555  0.904  25915  4.7e+13   353  0.7   116  0.44  0.01    16
 936  0.451  0.489  40636  1.8e+13   257  0.5   185  0.75  0.01    11
 937  0.253  0.535  37132     -1      -1   -1   320    -1    -1    -1
 938  0.813  0.970  43602  5.9e+13   385  0.8   153  0.27  0.01    21
 939  0.904  0.263  36166     -1      -1   -1   173    -1    -1    -1
 940  0.726  0.600  37086     -1      -1   -1    76    -1    -1    -1
 941  0.792  0.036  35150  2.1e+12   124  0.2   352  0.91  0.02     7
 942  0.880  0.886  25156  2.1e+13   268  0.5   136  0.61  0.01    18
 943  0.237  0.595  37715  6.9e+13   403  0.8   191  0.13  0.01    17
 944  0.459  0.304  39818  4.5e+13   351  0.7   371  0.30  0.01    16
 945  0.504  0.460  40718  2.8e+14   646  1.3   227  0.16  0.01    27
 946  0.924  0.220  43760     -1      -1   -1   121    -1    -1    -1
 947  0.404  0.525  27995  3.2e+14   671  1.3   163  0.22  0.01    29
 948  0.134  0.979  36131  2.3e+13   279  0.6   167  0.74  0.01    12
 949  0.664  0.175  38224  1.1e+13   218  0.4    81  0.97  0.02    11
 950  0.837  1.027  29974  5.4e+13   371  0.7   116  0.42  0.01    22
 951  0.965  0.464  43362  1.4e+14   519  1.0   402  0.41  0.01     2
 952  0.109  0.104  44030  1.4e+13   237  0.5   313  0.43  0.02    20
 953  0.534  0.628  15174  1.2e+14   477  1.0    36  0.48  0.01    16
 954  0.883  0.645  35292  3.9e+13   332  0.7   215  0.64  0.01    10
 955  0.808  0.922  33762  2.0e+13   266  0.5    98  0.46  0.01    17
 956  1.041  0.155  31610  3.5e+13   320  0.6   198  0.31  0.01    21
 957  1.024  0.843  29372  2.3e+14   602  1.2   148  0.30  0.01    21
 958  0.348  0.193  41369     -1      -1   -1   192    -1    -1    -1
 959  0.549  0.956  21279  1.7e+14   545  1.1    62  0.70  0.01     2
 960  0.531  0.708  24016  6.9e+13   400  0.8    57  0.82  0.01    12
 961  0.611  0.693  29836  4.2e+13   341  0.7   147  0.70  0.01    15
 962  0.665  0.133  43127  2.7e+13   295  0.6   139  0.22  0.01    18
 963  0.332  0.232  29095  1.7e+14   540  1.1   162  0.23  0.01    19
 964  0.022  0.099  23644  3.1e+14   667  1.3   112  0.53  0.01     8
 965  0.400  0.783  38517  7.1e+13   408  0.8   172  0.24  0.01    19
 966  0.980  0.916  41387  4.8e+13   359  0.7   128  0.36  0.01    17
 967  0.975  0.240  21068  3.5e+14   693  1.4   116  0.22  0.01    18
 968  0.862  0.328  22766  5.1e+13   362  0.7   164  0.40  0.01    20
 969  0.257  0.873  40142  9.7e+13   453  0.9   166  0.26  0.01    20
 970  0.925  0.701  14117  1.0e+14   452  0.9    89  0.23  0.01    26
 971  0.109  0.198  30661  1.1e+14   471  0.9   147  0.25  0.01    21
 972  0.462  0.687  27496  1.5e+14   518  1.0    91  0.64  0.01    10
 973  0.749  0.508  19604     -1      -1   -1    38    -1    -1    -1
 974  0.137  0.425  27656  1.0e+14   459  0.9   108  0.32  0.01    20
 975  0.170  0.973  44148  2.3e+12   129  0.3   105  1.12  0.02     7
 976  0.394  0.535  28103  1.4e+14   513  1.0   175  0.54  0.01     7
 977  0.454  0.344  42952  5.5e+13   374  0.7   289  0.16  0.01    18
 978  0.610  0.443  35040  2.6e+14   631  1.2   361  0.21  0.01    25
 979  0.579  0.491  22463  1.0e+13   212  0.4   115  0.93  0.02    14
 980  0.227  0.312  44416  1.4e+12   110  0.2   102  1.19  0.02     7
 981  0.425  0.790  23717  1.3e+13   227  0.5    67  1.01  0.02    10
 982  0.545  0.432  32176  1.1e+14   477  0.9   106  0.28  0.01    17
 983  0.962  0.203  39756  2.1e+13   272  0.5   346  0.62  0.01    11
 984  0.015  0.401  41680  1.6e+13   249  0.5   447  0.61  0.02    12
 985  0.507  0.284  15881  1.8e+15  1193  2.4    44  0.12  0.00    23
 986  0.480  0.246  41391  3.6e+13   324  0.6   249  0.54  0.01    26
 987  0.459  0.175  30722  1.0e+15   993  2.0   296  0.09  0.00    34
 988  0.529  0.403  20997  2.5e+13   286  0.6    89  0.87  0.01    13
 989  0.838  0.279  25999     -1      -1   -1   153    -1    -1    -1
 990  0.054  0.597  34845  5.3e+12   170  0.3   265  0.84  0.02     8
 991  0.775  0.016  42556  1.0e+14   460  0.9   234  0.21  0.01    31
 992  0.561  0.354  22974  7.6e+13   414  0.8   173  0.22  0.01    26
 993  0.314  0.721  31107  4.5e+13   347  0.7   126  0.31  0.01    26
 994  0.946  0.170  39457  8.9e+13   439  0.9   219  0.54  0.01    15
 995  0.545  0.620  41116  9.6e+13   451  0.9   201  0.23  0.01    18
 996  0.055  1.005  34445  2.0e+14   573  1.1    75  0.45  0.01    22
 997  0.665  0.775  24480  1.3e+14   499  1.0    63  0.72  0.01    14
 998  0.858  0.136  38519  2.6e+13   293  0.6   141  0.76  0.01     6
 999  0.481  0.373  39642  2.5e+14   618  1.2   370  0.12  0.01    33
1000  1.044  0.472  12332  3.0e+14   652  1.3    39  0.30  0.01    30
