# halo-id  ra  dec  vres  m200  vdisp200  r200  Ngal  M200err(stat)  M200err(syst)  N200
   1  0.860  0.136  40953     -1      -1   -1   333    -1    -1    -1
   2  1.209  0.280  42387  3.0e+14   654  1.3   300  0.25  0.01    69
   3  0.411  0.154  36617  4.9e+14   769  1.6   424  0.12  0.01   161
   4  1.067  0.895  19156  1.0e+15   968  2.0   244  0.09  0.00   193
   5  1.432  1.124  49606  1.5e+15  1120  2.2   870  0.04  0.00   514
   6  0.799  1.453  36523  1.4e+14   499  1.0    51  0.35  0.01    34
   7  0.289  0.552  35497  5.9e+14   820  1.7   322  0.13  0.01   152
   8  1.267  0.600  32461  5.0e+14   771  1.6   396  0.10  0.01   162
   9  0.597  0.036  41943  5.0e+14   775  1.6   510  0.11  0.01   156
  10  1.171  0.261  49113  9.1e+13   439  0.9   399  0.08  0.01    32
  11  0.120  1.240  19549  3.7e+14   694  1.5   170  0.08  0.01   127
  12  1.388  0.891  45453  2.1e+14   578  1.2   225  0.34  0.01    61
  13  0.461  0.409  40019  1.9e+14   561  1.1   320  0.18  0.01    59
  14  0.514  1.267  33475  2.7e+14   624  1.3    86  0.24  0.01    31
  15  1.373  0.637  31196  1.2e+15  1034  2.1   326  0.08  0.00   143
  16  0.811  0.651  32141  8.6e+13   428  0.9   233  0.18  0.01    41
  17  1.195  0.524  32289  1.6e+14   526  1.1   395  0.14  0.01    60
  18  0.527  0.496  32676  1.0e+15   980  2.0   350  0.06  0.00   132
  19  0.002  0.694  46927  8.6e+13   431  0.9   126  0.52  0.01    31
  20  0.912  0.559  30648  2.9e+14   645  1.3   170  0.31  0.01    78
  21  0.815  0.045  37183     -1      -1   -1   121    -1    -1    -1
  22  0.247  0.454  33340  2.1e+14   576  1.2   197  0.24  0.01    49
  23  0.662  0.811  35449  8.2e+14   912  1.9   342  0.11  0.01   154
  24  0.256  0.278  45510  3.0e+14   657  1.3   802  0.11  0.01    89
  25  1.421  1.228  28395  2.1e+14   580  1.2    96  0.39  0.01    49
  26  1.415  1.245  38635  8.7e+12   199  0.4    72  1.06  0.02    12
  27  0.421  0.112  48440  4.5e+14   752  1.5   417  0.04  0.01   115
  28  0.132  0.536  46480  2.6e+13   287  0.6   275  0.66  0.01    12
  29  0.239  0.189  40584  1.2e+15  1054  2.1   838  0.04  0.00   186
  30  1.024  0.560  41162  6.5e+13   391  0.8   259  0.15  0.01    36
  31  1.240  0.904  43546  3.1e+14   660  1.3   299  0.18  0.01    99
  32  0.054  1.345  19623  5.3e+14   782  1.6   122  0.09  0.01   109
  33  0.497  0.288  43817  1.7e+14   542  1.1   538  0.10  0.01    62
  34  0.745  0.515  41430  9.8e+13   448  0.9   369  0.14  0.01    43
  35  1.213  0.320  48347  8.2e+14   918  1.8   675  0.06  0.01   292
  36  0.541  0.251  34777  3.3e+14   671  1.4   275  0.20  0.01   107
  37  0.385  0.639  32136  2.5e+14   608  1.3   232  0.12  0.01    81
  38  0.740  1.246  29734  7.4e+13   406  0.8   163  0.22  0.01    34
  39  0.115  1.448  33655  3.3e+14   671  1.4   134  0.16  0.01    87
  40  0.787  0.030  36339  4.3e+14   733  1.5   387  0.12  0.01   104
  41  0.850  1.095  32642  2.4e+14   599  1.2   221  0.23  0.01    67
  42  0.841  1.490  49107  1.9e+14   562  1.1   102  0.22  0.01    50
  43  0.261  0.576  48840  2.4e+14   606  1.2   236  0.13  0.01    72
  44  1.161  0.355  48902  2.4e+14   611  1.2   380  0.13  0.01    79
  45  0.785  0.943  24173  1.7e+14   539  1.1   144  0.22  0.01    66
  46  0.290  0.508  35641  3.4e+13   314  0.6   134  0.31  0.01    24
  47  1.218  0.327  41198  4.2e+14   733  1.5   447  0.11  0.01   124
  48  0.059  0.353  29612  3.4e+14   679  1.4   279  0.11  0.01    61
  49  1.247  1.033  35142  6.3e+13   386  0.8   104  0.41  0.01    34
  50  0.027  0.457  32649  1.0e+14   456  0.9   319  0.23  0.01    43
  51  1.519  0.108  43688  6.9e+13   398  0.8   293  0.19  0.01    24
  52  1.005  0.931  21372  3.8e+14   699  1.5   198  0.07  0.01   120
  53  1.392  0.108  45018  3.3e+14   679  1.4   262  0.27  0.01    78
  54  0.883  0.068  34084  2.1e+14   580  1.2   221  0.29  0.01    76
  55  0.806  0.011  23896  4.4e+14   737  1.5   295  0.12  0.01   115
  56  0.483  0.189  44381  6.4e+14   842  1.7   610  0.07  0.01   218
  57  1.018  0.776  47727  3.8e+14   707  1.4   455  0.10  0.01    96
  58  0.485  0.186  34184  2.0e+14   565  1.2   301  0.17  0.01    64
  59  1.128  0.465  34169  4.1e+14   726  1.5   309  0.30  0.01   102
  60  1.567  0.622  25433  6.2e+14   827  1.7   340  0.07  0.01   200
  61  0.438  0.940  48789  9.7e+13   449  0.9   230  0.12  0.01    42
  62  0.755  0.722  48215  4.9e+14   770  1.6   380  0.06  0.01   132
  63  1.231  1.208  29172  4.2e+14   726  1.5   155  0.15  0.01   113
  64  0.908  1.114  33488  8.1e+13   418  0.9   124  0.36  0.01    34
  65  1.131  0.418  49567  9.3e+13   443  0.9   402  0.16  0.01    30
  66  0.032  0.439  23918  2.7e+14   623  1.3   134  0.23  0.01    82
  67  1.519  0.279  33821  2.4e+14   603  1.2   509  0.12  0.01    84
  68  0.613  0.045  48523  5.3e+14   793  1.6   545  0.05  0.01   152
  69  0.251  0.176  40548  3.2e+13   307  0.6   840  0.12  0.01    26
  70  0.196  0.669  26329  2.8e+13   291  0.6   192  0.74  0.01    11
  71  1.028  0.795  47327  2.2e+14   593  1.2   255  0.13  0.01    58
  72  0.596  0.864  43446  1.1e+14   467  1.0   122  0.22  0.01    19
  73  0.851  0.648  47495  9.8e+13   449  0.9   199  0.33  0.01    39
  74  0.550  0.035  28997  3.5e+14   686  1.4   231  0.21  0.01    73
  75  0.717  0.882  47238  1.8e+14   556  1.1   358  0.11  0.01    61
  76  0.823  0.475  22526  2.0e+14   563  1.2   186  0.12  0.01    61
  77  0.974  0.508  49116  7.3e+12   188  0.4   198  0.87  0.02     9
  78  1.560  1.100  45582  1.4e+14   512  1.0   166  0.20  0.01    45
  79  0.392  0.532  35688  1.5e+14   513  1.1   269  0.17  0.01    24
  80  0.452  0.626  48370  1.6e+14   529  1.1   289  0.23  0.01    56
  81  0.088  0.687  24770  4.6e+14   746  1.6    75  0.24  0.01    37
  82  0.629  0.660  36506  7.9e+12   192  0.4   182  0.89  0.02     2
  83  0.645  0.546  48029  2.7e+14   630  1.3   326  0.11  0.01    71
  84  0.650  1.439  34210  1.7e+14   534  1.1    82  0.37  0.01    57
  85  0.270  0.296  47738  7.3e+13   407  0.8   399  0.12  0.01    40
  86  1.190  0.956  12580  7.9e+14   891  1.9   134  0.15  0.01   117
  87  0.685  0.317  35055  2.5e+14   609  1.3   276  0.17  0.01    66
  88  0.580  0.200  26416  8.4e+13   423  0.9    99  0.22  0.01    24
  89  0.790  0.669  49298  6.6e+13   393  0.8   253  0.17  0.01    23
  90  0.629  0.172  42949  1.3e+14   491  1.0   281  0.18  0.01    29
  91  0.725  1.186  32411  3.4e+14   681  1.4   179  0.19  0.01    91
  92  1.559  1.114  19878  2.2e+13   268  0.6    24  1.18  0.01    11
  93  0.940  0.430  35426  4.0e+13   332  0.7   121  0.77  0.01    14
  94  0.164  1.160  44968  1.3e+14   500  1.0   253  0.13  0.01    17
  95  0.763  0.027  37591  4.1e+14   725  1.5   269  0.11  0.01    83
  96  0.596  0.731  39584  3.1e+14   662  1.4   180  0.20  0.01    39
  97  1.183  0.608  49400  1.6e+14   532  1.1   150  0.33  0.01    48
  98  1.170  0.368  48873  2.0e+13   262  0.5   272  0.69  0.01    10
  99  1.455  0.065  44953  7.6e+14   894  1.8   340  0.07  0.01    31
 100  0.509  0.204  45641  9.2e+13   440  0.9   272  0.27  0.01    28
 101  0.267  0.289  42081  4.1e+13   335  0.7   155  0.27  0.01    16
 102  0.777  1.101  38985  2.5e+14   617  1.3   204  0.20  0.01    92
 103  0.079  0.935  45468  2.8e+14   638  1.3   231  0.13  0.01    56
 104  0.073  1.120  28150  4.3e+13   338  0.7    65  0.54  0.01    27
 105  0.245  0.426  48563  1.4e+14   506  1.0   271  0.26  0.01    64
 106  0.355  0.108  13343  1.0e+14   451  1.0    75  0.12  0.01    44
 107  1.402  0.453  30598  1.4e+14   504  1.0   157  0.37  0.01    42
 108  1.104  0.649  37582  5.6e+13   372  0.8   114  0.52  0.01    21
 109  1.100  0.913  46504  1.5e+14   521  1.1   260  0.15  0.01    74
 110  0.327  0.306  48291  1.9e+14   560  1.1   411  0.09  0.01    43
 111  0.727  1.233  29775  2.4e+14   600  1.2   176  0.19  0.01    34
 112  0.354  0.997  41603  3.2e+13   309  0.6   209  0.28  0.01    18
 113  1.522  0.441  30845  1.0e+14   452  0.9   143  0.22  0.01    42
 114  0.851  0.578  48964  8.9e+13   436  0.9   276  0.12  0.01    28
 115  1.067  0.726  43328  4.8e+13   353  0.7   164  0.38  0.01    17
 116  1.259  0.479  38925  2.8e+14   639  1.3   231  0.17  0.01    35
 117  1.132  0.074  32701  3.8e+13   325  0.7   158  0.25  0.01    19
 118  0.654  0.068  39807  3.7e+14   699  1.4   328  0.13  0.01   112
 119  0.523  0.498  33246  9.9e+14   970  2.0   347  0.06  0.00   146
 120  0.397  1.018  28160  5.9e+14   815  1.7   223  0.15  0.01   127
 121  0.668  0.292  45887  1.1e+14   470  1.0   168  0.58  0.01     0
 122  1.049  0.925  20244  2.5e+14   605  1.3   219  0.08  0.01    91
 123  1.370  0.870  47364  1.2e+14   488  1.0   231  0.16  0.01    46
 124  1.506  1.115  43680  2.0e+14   567  1.2   183  0.37  0.01    49
 125  0.546  0.031  19500  1.8e+14   542  1.1    63  0.50  0.01    38
 126  1.483  0.301  31887  5.4e+14   790  1.6   408  0.12  0.01   157
 127  1.450  0.291   7598  2.9e+13   292  0.6    17  1.23  0.01    11
 128  0.912  0.320  22043  1.2e+14   474  1.0    79  0.17  0.01    28
 129  1.540  0.242  43805  8.4e+14   923  1.9   160  0.39  0.01     3
 130  0.861  0.115  41117  1.2e+13   221  0.5   454  0.67  0.02    10
 131  1.534  0.074  48649  1.5e+14   516  1.0   469  0.13  0.01    65
 132  0.747  0.384  35776  1.1e+14   469  1.0   128  0.20  0.01    30
 133  0.652  0.686  36663  3.6e+14   692  1.4   214  0.14  0.01    97
 134  1.223  0.710  24965  1.7e+14   538  1.1   109  0.32  0.01    48
 135  0.599  0.037  41959  3.8e+14   709  1.4   509  0.12  0.01   105
 136  0.868  0.126  46567  1.1e+14   470  1.0   408  0.14  0.01    38
 137  1.330  0.141  45495  3.3e+14   674  1.4   190  0.36  0.01    51
 138  0.610  0.487  43650  8.9e+14   943  1.9   633  0.08  0.00   321
 139  1.133  0.029  44665  7.3e+13   407  0.8   202  0.28  0.01    28
 140  0.722  0.268  44194  3.1e+14   661  1.3   298  0.34  0.01    80
 141  1.340  0.679  43610  1.5e+14   516  1.0   235  0.27  0.01    48
 142  0.980  1.328  44265  1.8e+14   551  1.1   110  0.35  0.01    47
 143  1.390  0.147  44203  6.3e+13   386  0.8   306  0.34  0.01    18
 144  1.278  0.555  33903  7.9e+14   901  1.9   506  0.06  0.01   276
 145  1.536  0.331  32995  9.7e+13   445  0.9   146  0.51  0.01    37
 146  0.943  0.350  40858  1.2e+14   485  1.0   174  0.26  0.01    30
 147  0.572  1.124  31581  2.6e+14   622  1.3   203  0.17  0.01    76
 148  0.164  0.160  33194  1.7e+14   542  1.1   188  0.25  0.01    41
 149  0.349  0.098  35288     -1      -1   -1   124    -1    -1    -1
 150  1.291  0.169  46967  4.1e+15  1578  3.2   295  0.07  0.01    76
 151  1.460  0.603  43263  1.1e+13   215  0.4   131  0.91  0.02    13
 152  1.126  0.452  48349  1.1e+14   474  1.0   196  0.14  0.01    24
 153  1.406  1.028  28148  4.4e+13   341  0.7    99  0.70  0.01    28
 154  0.860  0.131  40911  6.3e+13   387  0.8   502  0.25  0.01    20
 155  1.383  0.311  44428  1.0e+14   459  0.9   279  0.37  0.01    24
 156  1.506  0.127  46040     -1      -1   -1   103    -1    -1    -1
 157  1.029  0.681  36549  1.1e+14   462  1.0   126  0.25  0.01    39
 158  0.956  0.565  34473  5.1e+13   359  0.7    92  0.79  0.01    27
 159  1.318  0.455  19432  2.0e+14   563  1.2   101  0.10  0.01    41
 160  0.659  0.026  30152  2.3e+13   273  0.6   141  0.82  0.01    12
 161  1.479  0.951  45160  1.2e+14   480  1.0   158  0.20  0.01    26
 162  0.577  0.253  25340  1.4e+13   229  0.5   174  0.85  0.02    15
 163  0.242  0.234  43847  6.3e+13   386  0.8   342  0.20  0.01    19
 164  1.191  0.507  30216  2.8e+14   633  1.3   388  0.11  0.01    21
 165  0.269  1.212  46554  1.5e+13   239  0.5   101  0.49  0.02    17
 166  0.768  1.030  30853  3.9e+14   707  1.5   130  0.21  0.01    68
 167  0.022  0.510  37448  2.0e+14   564  1.2   202  0.23  0.01    65
 168  0.415  0.516  36766  7.7e+13   412  0.8   338  0.19  0.01    20
 169  1.205  0.440  39713  6.4e+13   388  0.8   104  0.30  0.01    26
 170  0.680  0.966  12528  5.9e+14   811  1.7    38  0.34  0.01    25
 171  0.783  0.827  41205     -1      -1   -1   122    -1    -1    -1
 172  0.267  1.187  48365  6.9e+13   399  0.8   135  0.26  0.01    41
 173  0.524  0.178  32550  1.3e+14   485  1.0   177  0.26  0.01    26
 174  1.116  0.411  49634  3.7e+14   704  1.4   585  0.07  0.01    94
 175  1.289  0.166  48211  1.1e+14   461  0.9   309  0.10  0.01    45
 176  1.527  0.476  34384  5.4e+14   791  1.6   419  0.12  0.01   159
 177  1.044  0.907  46770  1.9e+14   566  1.1   231  0.22  0.01    60
 178  0.249  0.278  45563  4.7e+14   763  1.5   799  0.09  0.01    88
 179  0.001  1.148  42277  2.0e+14   568  1.2   177  0.38  0.01    71
 180  1.242  0.655  25307  3.2e+13   304  0.6    64  0.93  0.01     0
 181  1.429  0.882  48422  1.6e+14   526  1.1   138  0.22  0.01    38
 182  1.284  0.078  39740  5.8e+13   375  0.8   201  0.28  0.01    25
 183  0.362  0.186  49061  1.4e+14   505  1.0   234  0.17  0.01    46
 184  0.563  0.923  48613  4.7e+13   352  0.7   156  0.20  0.01    18
 185  0.879  0.511  30321  3.1e+14   659  1.4   199  0.14  0.01    90
 186  0.936  1.104   2291  7.3e+13   400  0.9     8  1.27  0.01     8
 187  0.961  0.882  49837  4.5e+14   750  1.5   280  0.11  0.01   128
 188  0.032  0.878  41237  1.9e+14   557  1.1   213  0.18  0.01    67
 189  1.559  0.202  13045  3.0e+14   644  1.4   102  0.18  0.01    77
 190  0.874  0.113  24803  1.9e+14   556  1.2   141  0.25  0.01    31
 191  1.099  0.584  38666  1.5e+15  1118  2.3   321  0.05  0.00    55
 192  0.946  0.660  42865  8.9e+13   435  0.9   167  0.36  0.01    27
 193  0.804  0.418  45394     -1      -1   -1   261    -1    -1    -1
 194  1.286  1.141  27996  8.5e+13   424  0.9    50  0.53  0.01    22
 195  0.823  0.590  46008     -1      -1   -1    99    -1    -1    -1
 196  0.774  0.381  45814  1.7e+14   543  1.1   458  0.12  0.01    61
 197  0.552  0.006  41038  8.0e+13   419  0.9   131  0.50  0.01    36
 198  0.899  0.420  32436  2.5e+14   610  1.3   245  0.16  0.01    48
 199  0.631  0.993  49234  3.8e+13   327  0.7   290  0.17  0.01    25
 200  1.417  1.250  29459  1.9e+14   562  1.2   105  0.24  0.01    53
 201  0.251  0.279  45532  2.6e+14   625  1.3   814  0.10  0.01   120
 202  0.542  0.185  32190  6.2e+14   831  1.7   128  0.14  0.01    23
 203  0.617  1.264  31155  1.3e+14   492  1.0    79  0.32  0.01    33
 204  1.363  0.520  41580  5.1e+13   359  0.7   113  0.60  0.01    18
 205  1.105  0.905  19060  1.1e+14   467  1.0    64  0.46  0.01    22
 206  0.546  0.649  49941  7.2e+13   405  0.8    63  0.33  0.01    19
 207  0.272  0.047  29154  3.9e+13   327  0.7   179  0.71  0.01     5
 208  0.591  0.489  43529  2.9e+14   643  1.3   318  0.12  0.01    23
 209  0.480  0.780  48608  1.6e+13   243  0.5    97  0.91  0.02     7
 210  0.167  0.220  39301  2.3e+14   594  1.2   197  0.33  0.01    28
 211  0.078  0.962  45646  2.0e+13   264  0.5   219  0.73  0.01    10
 212  1.210  1.030  12053  1.1e+14   461  1.0    33  0.48  0.01    22
 213  0.235  0.188  39989  1.1e+15  1019  2.1   705  0.05  0.00   162
 214  0.325  0.595  40760  2.2e+14   585  1.2   407  0.15  0.01    83
 215  0.800  0.018  23922  2.6e+15  1339  2.8   322  0.04  0.01   112
 216  0.759  0.604  22114  9.8e+13   444  0.9    91  0.45  0.01    34
 217  0.017  0.905  31745  2.2e+14   588  1.2   186  0.20  0.01    75
 218  1.546  1.355  40822  6.0e+13   379  0.8    78  0.49  0.01    24
 219  0.078  0.966  38653  2.0e+13   261  0.5    68  0.96  0.01    14
 220  0.103  0.314  35522  2.7e+14   631  1.3   196  0.22  0.01    64
 221  0.201  0.116  35467  3.0e+14   648  1.3   337  0.14  0.01   126
 222  0.199  0.366  47127  4.2e+14   735  1.5   398  0.11  0.01   102
 223  0.834  0.178  29186  2.5e+14   613  1.3   271  0.18  0.01    93
 224  1.451  0.810  41274  4.5e+13   344  0.7   115  0.28  0.01    20
 225  0.458  1.286  33334  2.4e+13   277  0.6    44  1.03  0.01    14
 226  0.106  0.667  38586  1.8e+14   552  1.1   323  0.11  0.01    83
 227  1.098  0.249  49331  1.0e+14   456  0.9   271  0.12  0.01    42
 228  0.498  1.381  48885  3.5e+13   319  0.6    57  0.91  0.01    10
 229  1.418  1.187  46658  3.5e+13   318  0.6   150  0.41  0.01    26
 230  0.366  0.002  29314  8.7e+13   429  0.9    81  0.58  0.01    29
 231  1.432  0.144  44036  1.1e+13   217  0.4   276  0.76  0.02    15
 232  0.853  0.537  46330  1.5e+14   514  1.0   330  0.15  0.01    47
 233  0.367  0.488  43459  3.2e+13   307  0.6   132  0.29  0.01    17
 234  1.300  0.895  46452  3.1e+14   658  1.3   657  0.08  0.01   150
 235  0.824  1.472  48739  1.1e+14   468  0.9   117  0.25  0.01    54
 236  0.629  1.137  27862  5.4e+13   364  0.8    57  0.50  0.01    18
 237  1.210  0.211  36974  2.7e+14   632  1.3   437  0.14  0.01    98
 238  1.229  0.580   7639  5.0e+14   763  1.6    54  0.11  0.01    38
 239  0.124  0.697  38350  8.5e+13   426  0.9   313  0.29  0.01    36
 240  0.595  0.933  11959  5.5e+13   364  0.8    44  0.24  0.01    18
 241  0.658  0.896  46695  7.1e+13   404  0.8   343  0.18  0.01    38
 242  0.873  0.757  46369  1.8e+13   256  0.5   116  0.86  0.01    14
 243  1.568  0.338  43582  1.0e+14   458  0.9   143  0.41  0.01    42
 244  0.356  0.995  47506  2.0e+13   263  0.5   134  0.82  0.01     8
 245  0.952  0.155  32882  4.4e+14   739  1.5   615  0.06  0.01   142
 246  0.777  0.567  25815  1.4e+13   230  0.5    42  1.12  0.02    12
 247  1.497  0.576  42330  2.6e+14   626  1.3   248  0.12  0.01    65
 248  0.209  0.078  48089  1.1e+14   466  0.9   362  0.15  0.01    28
 249  0.309  0.168  46901  2.7e+13   293  0.6   188  0.40  0.01    24
 250  0.692  0.682  35407  1.2e+14   475  1.0   141  0.26  0.01    36
 251  0.901  0.809  38638  1.9e+14   556  1.1   218  0.25  0.01    60
 252  0.806  0.354  46373  1.1e+14   462  0.9   540  0.11  0.01    28
 253  1.300  0.064  46972  5.3e+12   168  0.3    95  1.06  0.02     8
 254  1.422  1.098  48141  1.9e+13   261  0.5   449  0.61  0.01    15
 255  1.440  0.602  32220  7.3e+13   405  0.8   248  0.34  0.01    28
 256  0.846  0.365  31326  5.5e+13   367  0.8   299  0.33  0.01    29
 257  0.774  0.101  36260  6.4e+13   387  0.8   246  0.59  0.01     9
 258  0.295  0.503  47137  3.0e+14   658  1.3   490  0.10  0.01    40
 259  0.215  0.742  47165  1.6e+13   243  0.5   179  0.80  0.02     9
 260  0.479  0.645  29708  1.3e+15  1053  2.2   518  0.07  0.00   331
 261  0.514  0.451  38998  6.7e+13   394  0.8   312  0.34  0.01    38
 262  0.218  0.452  47056  1.4e+14   503  1.0   132  0.39  0.01    34
 263  0.895  0.772  26254  1.1e+14   460  1.0   112  0.37  0.01    20
 264  0.448  0.325  29886  2.8e+14   631  1.3   174  0.12  0.01    58
 265  0.779  0.642  34688  8.4e+13   425  0.9   172  0.20  0.01    24
 266  0.232  1.002  10827  4.8e+13   347  0.7    20  1.12  0.01    15
 267  0.581  0.625  40100  3.1e+14   656  1.3   172  0.29  0.01    55
 268  0.904  0.087  38746  2.7e+14   626  1.3   316  0.12  0.01    62
 269  1.147  0.540  36517  4.6e+13   348  0.7   172  0.20  0.01    22
 270  1.370  1.174  44705  2.5e+14   616  1.2   155  0.26  0.01    60
 271  1.054  0.045  32591  4.2e+14   726  1.5   342  0.08  0.01    40
 272  1.449  0.109  32649  2.1e+14   580  1.2   255  0.15  0.01    23
 273  0.826  0.768  45989  2.4e+14   606  1.2   300  0.16  0.01    41
 274  0.008  0.597  24623  1.8e+14   547  1.1   116  0.42  0.01    39
 275  0.598  0.021  12502  2.8e+14   628  1.3    61  0.26  0.01    33
 276  1.507  1.085  31380  1.3e+14   490  1.0    93  0.46  0.01    29
 277  0.459  0.322  35154  1.0e+14   453  0.9   140  0.30  0.01    31
 278  0.798  0.460  45902  2.6e+13   288  0.6   124  0.80  0.01    11
 279  0.290  0.994  28428     -1      -1   -1   116    -1    -1    -1
 280  0.825  0.553  15328  3.7e+14   690  1.5    97  0.16  0.01    58
 281  0.470  0.333  41765  1.5e+14   516  1.1   227  0.17  0.01    38
 282  0.473  0.980  22572  1.7e+14   538  1.1    31  0.31  0.01    19
 283  0.815  1.382  28041  9.9e+13   448  0.9    65  0.29  0.01    38
 284  0.859  0.015  18638  1.7e+14   532  1.1    77  0.38  0.01    37
 285  0.264  0.164  40765  4.7e+14   758  1.5   561  0.06  0.01   146
 286  1.202  0.504  42246  1.5e+14   515  1.0   241  0.17  0.01    42
 287  0.283  0.949  36570  2.4e+14   605  1.2   142  0.24  0.01    45
 288  1.153  0.458  47013  1.2e+14   476  1.0   178  0.29  0.01    17
 289  1.134  0.209  20936  7.3e+13   402  0.8    84  0.79  0.01    21
 290  0.742  0.586  36380  8.3e+13   422  0.9   211  0.28  0.01    22
 291  0.965  0.650  48872  2.8e+14   640  1.3   237  0.44  0.01     0
 292  0.701  0.502  38906  3.8e+14   707  1.4   190  0.13  0.01    86
 293  1.489  0.133  34367  6.8e+13   395  0.8   185  0.19  0.01    32
 294  0.210  0.687  26064  6.4e+14   838  1.7   374  0.08  0.01   223
 295  1.518  0.197  48862  7.6e+13   413  0.8   369  0.50  0.01    12
 296  1.562  0.160  44798  4.2e+14   732  1.5   426  0.08  0.01    28
 297  0.867  0.934  22586  3.3e+14   671  1.4    95  0.11  0.01    65
 298  0.156  0.691  28815  2.2e+14   583  1.2   145  0.13  0.01    44
 299  0.720  1.143  41885  1.4e+14   501  1.0    51  0.38  0.01    22
 300  0.211  1.171  45286  1.9e+13   260  0.5   169  0.79  0.01     2
 301  0.773  0.101  40170  3.1e+14   661  1.3   382  0.10  0.01   111
 302  1.178  1.274  26047  1.6e+14   528  1.1   131  0.09  0.01    37
 303  1.300  1.321  24746  5.5e+13   367  0.8    66  0.21  0.01    16
 304  1.287  0.896  46823  3.6e+14   695  1.4   551  0.07  0.01    67
 305  1.121  0.013  36612  5.7e+13   373  0.8   188  0.26  0.01    32
 306  0.132  0.243  38351  1.1e+14   461  0.9   451  0.12  0.01    33
 307  0.006  0.319  47927  7.5e+13   411  0.8   174  0.14  0.01    25
 308  1.539  0.119  44133  2.2e+14   593  1.2   372  0.14  0.01    57
 309  1.360  1.001  40494  2.7e+13   289  0.6   123  0.81  0.01    13
 310  0.408  0.248  46605  1.0e+14   460  0.9   379  0.24  0.01    50
 311  0.629  0.017  22919  1.6e+13   243  0.5    62  1.03  0.02    14
 312  1.563  0.531  40742  1.8e+14   548  1.1   151  0.11  0.01    52
 313  0.448  0.480  38158  6.3e+15  1810  3.7   164  0.05  0.01    46
 314  0.391  0.674  29810  1.9e+15  1206  2.5   227  0.06  0.00    60
 315  0.005  1.092  44765  1.2e+14   484  1.0   154  0.48  0.01    45
 316  0.688  1.217  32440  2.3e+14   593  1.2   147  0.43  0.01    46
 317  0.729  0.768  35099  3.5e+14   687  1.4   157  0.33  0.01    76
 318  0.546  0.788  42367  6.6e+13   393  0.8   235  0.32  0.01    21
 319  0.394  0.037  37813  7.4e+13   408  0.8   257  0.35  0.01    20
 320  0.426  0.547  46090  1.7e+14   537  1.1   311  0.11  0.01    57
 321  0.193  0.750  25188  3.2e+13   304  0.6    35  1.05  0.01    14
 322  1.363  1.509  44438  3.8e+13   326  0.7    50  0.34  0.01    34
 323  0.599  1.080  43145  1.9e+14   559  1.1   162  0.24  0.01    60
 324  0.930  0.772  39146  4.3e+13   339  0.7   120  0.44  0.01    24
 325  0.365  1.379  11886  1.5e+14   509  1.1    34  0.12  0.01    30
 326  1.046  0.401  47322  5.5e+13   370  0.8   259  0.59  0.01    15
 327  0.958  0.188  33772  9.3e+13   439  0.9   272  0.24  0.01    29
 328  0.139  0.692  44418  8.0e+13   420  0.9   355  0.21  0.01    26
 329  0.082  1.116  45339  9.5e+13   444  0.9   140  0.22  0.01    37
 330  0.155  1.145  45008  3.1e+14   660  1.3   273  0.15  0.01   146
 331  0.795  0.092  42152  7.1e+12   185  0.4   546  0.70  0.02     5
 332  1.367  0.898  45288  2.0e+14   575  1.2   243  0.31  0.01    58
 333  0.221  0.194  39932  3.6e+13   320  0.7   721  0.48  0.01    14
 334  0.284  0.531  45791  4.4e+13   342  0.7   464  0.16  0.01    30
 335  0.501  1.296  48397  6.5e+13   392  0.8    74  0.78  0.01    14
 336  1.076  0.772  44066  2.0e+14   569  1.2   256  0.17  0.01    53
 337  0.951  0.417  44541  7.9e+13   418  0.9   219  0.41  0.01    26
 338  0.036  0.427  29781  4.8e+14   759  1.6   344  0.09  0.01    55
 339  1.355  1.257  24442  3.5e+14   685  1.4   110  0.22  0.01    64
 340  0.317  0.214  40638  1.5e+14   512  1.0   206  0.53  0.01     0
 341  0.021  0.724  27303  1.7e+14   536  1.1   137  0.12  0.01    36
 342  0.374  0.359  34460  2.4e+14   605  1.2   263  0.17  0.01    67
 343  0.133  0.325  34035     -1      -1   -1    72    -1    -1    -1
 344  1.453  0.061  44990  3.5e+14   691  1.4   316  0.10  0.01    18
 345  1.168  0.254  49014  2.2e+14   591  1.2   364  0.08  0.01    34
 346  0.450  1.133  46344  1.6e+14   532  1.1   138  0.19  0.01    22
 347  0.146  0.641  34963  8.5e+13   426  0.9   135  0.26  0.01    24
 348  0.420  0.973  33517  2.6e+14   618  1.3   153  0.21  0.01    58
 349  0.631  0.763  38522  1.5e+14   518  1.1   146  0.21  0.01    45
 350  1.542  0.178  46532  7.3e+13   407  0.8   600  0.15  0.01    26
 351  0.277  0.971  29137  4.8e+13   350  0.7    97  0.80  0.01     0
 352  1.316  1.337  36136  9.6e+13   443  0.9    58  0.33  0.01    18
 353  0.839  0.151  30314  1.6e+15  1147  2.4   175  0.08  0.00    24
 354  0.394  0.089  37159  3.9e+13   329  0.7   202  0.24  0.01    16
 355  1.105  0.466  24889  8.8e+13   429  0.9    92  0.22  0.01    21
 356  0.930  0.941  42099  1.6e+14   528  1.1   200  0.20  0.01    29
 357  1.056  0.662  44721  3.8e+13   326  0.7    94  0.37  0.01    20
 358  1.456  0.884  30070  3.8e+13   324  0.7    59  0.92  0.01    14
 359  0.134  0.749  42716     -1      -1   -1   104    -1    -1    -1
 360  0.243  1.307  31785  4.8e+13   351  0.7    45  0.67  0.01    25
 361  0.922  0.793  33011  6.5e+13   389  0.8    59  0.45  0.01    24
 362  1.495  0.464   6223  3.2e+14   657  1.4    70  0.10  0.01    67
 363  1.070  0.161  30937  2.2e+14   586  1.2   261  0.26  0.01    82
 364  0.727  0.091  49092  1.5e+13   241  0.5   221  0.31  0.02    20
 365  0.687  0.278  49215  3.7e+13   323  0.7   205  0.20  0.01    35
 366  1.505  0.264  33658  4.6e+14   749  1.5   445  0.09  0.01   100
 367  0.238  0.165  25410  1.4e+14   498  1.0   170  0.15  0.01    39
 368  0.268  0.289  45247  1.6e+15  1159  2.3   564  0.05  0.00    42
 369  0.551  0.229  26932  1.4e+14   499  1.0   187  0.23  0.01    36
 370  0.601  0.468  43709  3.9e+13   330  0.7   331  0.31  0.01    21
 371  0.960  0.014  32879  6.2e+13   384  0.8   202  0.63  0.01    15
 372  0.853  0.456  37794  3.5e+13   316  0.7   203  0.69  0.01    13
 373  1.543  0.516  49137  7.3e+13   407  0.8   171  0.20  0.01    23
 374  1.013  0.394  47489  4.8e+13   353  0.7   332  0.18  0.01    27
 375  0.815  0.955  32398  8.3e+13   422  0.9   143  0.26  0.01    29
 376  0.693  0.898  47908  4.7e+14   764  1.5   556  0.07  0.01   148
 377  0.495  0.108  36972  3.0e+14   654  1.3   418  0.16  0.01    89
 378  0.801  0.659  49246  7.5e+12   189  0.4   240  0.83  0.02     8
 379  1.475  1.203  39535  7.6e+13   412  0.8    64  0.68  0.01    24
 380  0.574  0.639  48453  2.9e+13   299  0.6   127  0.78  0.01     9
 381  1.527  0.288  34833  7.0e+13   399  0.8   438  0.13  0.01    21
 382  0.359  0.948  25616     -1      -1   -1    72    -1    -1    -1
 383  1.339  0.808  30615  2.0e+13   262  0.5    63  0.98  0.01    15
 384  1.234  0.729  38195  1.9e+14   561  1.2   294  0.18  0.01    56
 385  0.006  0.077  27179  9.7e+12   205  0.4    42  1.17  0.02     0
 386  0.143  0.702  32690  5.2e+15  1696  3.5   170  0.06  0.01    23
 387  0.146  0.197  31886  2.2e+14   584  1.2   195  0.27  0.01    44
 388  0.706  0.354  45396  4.0e+13   333  0.7   228  0.19  0.01    21
 389  0.066  0.363  28888  8.0e+13   416  0.9   285  0.17  0.01    38
 390  0.926  0.508  45175  8.7e+13   432  0.9   289  0.29  0.01    27
 391  1.023  1.247  46029  1.1e+14   471  1.0   101  0.23  0.01    27
 392  0.566  0.263  46624  5.6e+13   372  0.8   378  0.16  0.01    16
 393  0.829  1.186  34510  1.5e+14   520  1.1    79  0.33  0.01    41
 394  0.729  0.608  36115  5.3e+13   363  0.7   163  0.68  0.01    12
 395  0.970  0.568  46222  2.4e+15  1326  2.7   297  0.06  0.01    85
 396  1.541  0.278  19949  2.4e+13   277  0.6    74  0.94  0.01    14
 397  1.129  0.028  10419  9.5e+13   438  0.9    44  0.32  0.01    33
 398  1.192  0.127  43367  3.5e+13   318  0.6   408  0.17  0.01    26
 399  0.058  1.184  49573  1.9e+13   261  0.5    57  0.98  0.01    14
 400  1.069  0.203  31171  1.7e+14   539  1.1   173  0.25  0.01    45
 401  0.671  0.588  22324  4.7e+12   160  0.3    39  1.29  0.02     6
 402  0.930  1.086  30656  4.1e+14   721  1.5    67  0.21  0.01    31
 403  1.094  0.580  38897  3.0e+14   652  1.3   343  0.08  0.01    95
 404  1.269  0.116  44153  1.0e+15   985  2.0   232  0.33  0.00     2
 405  1.398  0.934  38327  3.3e+13   312  0.6   144  0.76  0.01    15
 406  0.314  0.464  40441  7.6e+13   412  0.8   130  0.67  0.01    14
 407  0.730  0.171  38737  1.8e+14   545  1.1   341  0.13  0.01    80
 408  1.401  0.392  44061  5.6e+14   808  1.6   526  0.08  0.01   176
 409  0.342  0.958  28116     -1      -1   -1    72    -1    -1    -1
 410  1.215  0.401  43972     -1      -1   -1   111    -1    -1    -1
 411  0.499  0.001  42416  3.5e+15  1488  3.0   168  0.07  0.01    72
 412  0.181  0.245  38069  3.6e+14   694  1.4   474  0.11  0.01   101
 413  0.800  0.580  49780  2.8e+13   297  0.6   146  0.76  0.01    15
 414  1.072  0.404  40081  9.1e+13   437  0.9   129  0.22  0.01    23
 415  0.385  1.300  22450  3.5e+13   314  0.7    21  1.14  0.01    14
 416  0.166  0.569  46260  2.4e+14   605  1.2   265  0.23  0.01    64
 417  0.387  0.146  37044  1.1e+15  1003  2.0   305  0.08  0.00    39
 418  0.300  0.077  39705  1.2e+14   473  1.0   170  0.24  0.01    25
 419  1.425  0.835  32026  2.6e+14   616  1.3   106  0.12  0.01    44
 420  0.078  0.882  32848  1.6e+15  1146  2.4   174  0.07  0.00    50
 421  0.349  0.486  47230  6.0e+13   381  0.8   263  0.15  0.01    28
 422  0.396  1.026  45688  2.4e+14   609  1.2   298  0.15  0.01    91
 423  0.216  0.882  35656  1.3e+14   494  1.0   102  0.28  0.01    18
 424  0.069  1.173  35357  2.0e+14   573  1.2    85  0.25  0.01    19
 425  0.612  0.668  39593  3.7e+14   699  1.4   347  0.10  0.01    57
 426  0.106  0.938  23400  6.9e+13   395  0.8    92  0.55  0.01    21
 427  0.283  0.520  46135  1.9e+14   560  1.1   517  0.10  0.01    55
 428  1.171  0.252  48839  1.0e+13   212  0.4   395  0.70  0.02    15
 429  0.315  0.301  44243  6.4e+14   844  1.7   380  0.08  0.01    68
 430  0.878  1.028  25730  1.8e+14   550  1.1   109  0.61  0.01    42
 431  0.462  0.323  41600     -1      -1   -1   208    -1    -1    -1
 432  0.631  0.066  41129  9.0e+13   435  0.9   373  0.16  0.01    46
 433  0.977  0.216  33912  3.2e+14   662  1.4   411  0.10  0.01   127
 434  0.865  0.838  24606  8.9e+12   199  0.4    62  1.10  0.02     7
 435  0.411  0.587  32542  2.0e+14   571  1.2   195  0.20  0.01    41
 436  0.282  0.530  24658  1.5e+14   512  1.1   126  0.12  0.01    51
 437  0.461  0.089  36770  1.2e+14   483  1.0   248  0.40  0.01    33
 438  0.167  1.027  46798     -1      -1   -1   109    -1    -1    -1
 439  0.435  0.339  40865  1.9e+14   558  1.1   314  0.21  0.01    69
 440  0.180  0.801  39926  4.4e+13   342  0.7    76  0.84  0.01    13
 441  0.692  0.387  44736  2.4e+14   609  1.2   464  0.14  0.01    98
 442  0.838  0.742  45816  1.8e+14   549  1.1   288  0.12  0.01    17
 443  1.343  0.123  32478  4.6e+13   345  0.7   206  0.23  0.01    48
 444  0.072  0.592  34902  1.4e+14   500  1.0   138  0.49  0.01    43
 445  1.498  0.058  48741  8.7e+13   433  0.9   259  0.14  0.01    17
 446  0.551  0.355  44631  2.0e+14   568  1.2   351  0.14  0.01    49
 447  0.861  0.165  27515  9.9e+13   447  0.9   111  0.26  0.01    24
 448  1.198  0.533  39452  1.6e+13   242  0.5   106  0.39  0.02    16
 449  0.528  0.622  40836  1.4e+14   505  1.0   510  0.15  0.01    51
 450  0.987  0.667  48852  7.9e+13   418  0.8   240  0.17  0.01    32
 451  0.988  1.188  40651  3.3e+14   674  1.4   225  0.28  0.01   108
 452  1.441  0.094  44959  8.0e+13   420  0.9   318  0.22  0.01    36
 453  0.757  0.209  38512  1.6e+14   531  1.1   291  0.18  0.01    50
 454  0.803  0.522  24304  2.5e+14   607  1.3   188  0.36  0.01    79
 455  1.426  0.206  43485  2.0e+14   567  1.2   372  0.14  0.01    30
 456  0.026  1.183  33727  3.3e+14   671  1.4   152  0.16  0.01    76
 457  0.713  0.713  48512  1.1e+14   461  0.9   287  0.15  0.01    40
 458  0.460  1.425  41119  2.1e+14   575  1.2   117  0.16  0.01    77
 459  0.194  1.053  45107  1.3e+14   489  1.0   265  0.18  0.01    36
 460  0.986  0.147  31984  3.8e+14   707  1.5   238  0.16  0.01   123
 461  0.021  0.106  26943  2.7e+14   629  1.3   159  0.21  0.01    66
 462  0.408  0.120  40111  9.6e+13   445  0.9   300  0.18  0.01    46
 463  0.398  0.484  37374  1.4e+14   501  1.0   149  0.43  0.01    39
 464  0.337  0.300  47887  8.2e+13   424  0.9   400  0.12  0.01    29
 465  0.293  0.309  44481  4.1e+13   334  0.7   277  0.19  0.01    25
 466  0.028  0.336  42087  1.0e+14   458  0.9   290  0.12  0.01    49
 467  1.178  0.518  29509  7.1e+14   867  1.8   528  0.06  0.01   163
 468  0.704  0.459  24686  3.2e+14   664  1.4   152  0.12  0.01    99
 469  1.254  0.101  44067  1.3e+14   488  1.0   263  0.32  0.01    48
 470  1.501  0.681  41449  2.5e+14   612  1.2   182  0.14  0.01    65
 471  0.301  0.026  48635  1.5e+14   515  1.0   209  0.42  0.01    42
 472  0.961  0.505  29158  2.0e+14   570  1.2   219  0.17  0.01    86
 473  0.113  0.474  49123  2.3e+14   601  1.2   230  0.17  0.01    67
 474  0.631  0.216  42486  1.9e+14   565  1.2   299  0.21  0.01    73
 475  0.240  1.153  45315  2.0e+14   569  1.2   199  0.19  0.01    71
 476  1.438  1.062  13670  3.4e+14   674  1.4    94  0.11  0.01    76
 477  1.255  0.614  24555  5.0e+14   767  1.6   249  0.09  0.01   149
 478  1.069  0.176  30944  1.1e+14   464  1.0   293  0.24  0.01    35
 479  0.039  0.029  25911  1.7e+14   533  1.1    82  0.40  0.01    33
 480  0.867  0.420  21068  3.4e+14   675  1.4   236  0.19  0.01    78
 481  0.440  0.451  35921  2.9e+14   643  1.3   277  0.16  0.01    56
 482  0.785  0.666  49510  1.8e+14   548  1.1   205  0.16  0.01    52
 483  0.464  0.583  29803  2.7e+14   630  1.3   107  0.18  0.01    53
 484  1.498  0.159  44806  1.9e+14   556  1.1   281  0.18  0.01    51
 485  1.081  0.244  33275  1.9e+14   558  1.2   292  0.24  0.01    64
 486  0.740  0.775  41207  4.3e+14   737  1.5   298  0.12  0.01   109
 487  0.782  0.100  36251  1.9e+14   560  1.1   243  0.16  0.01    45
 488  0.112  0.710  38201  1.0e+14   452  0.9   280  0.19  0.01    53
 489  0.869  0.155  40799  2.0e+14   566  1.2   306  0.35  0.01    55
 490  0.341  0.602  48898  1.4e+14   510  1.0   190  0.30  0.01    34
 491  0.980  1.213  45707  4.0e+14   724  1.5   235  0.15  0.01    96
 492  0.263  0.039  49163  1.7e+14   541  1.1   366  0.23  0.01    64
 493  0.288  0.562  43275  5.8e+13   377  0.8   345  0.23  0.01    27
 494  0.461  0.147  46825  1.7e+14   545  1.1   396  0.11  0.01    66
 495  1.528  0.920  49650  1.0e+14   458  0.9   170  0.46  0.01    48
 496  0.855  0.011  47270  3.0e+14   657  1.3   497  0.12  0.01    63
 497  0.630  0.818  36242  2.4e+14   601  1.2   281  0.21  0.01    70
 498  1.024  0.600  47659  2.4e+13   280  0.6   159  0.77  0.01    15
 499  0.930  1.320  26625  3.0e+14   646  1.3   111  0.16  0.01    67
 500  1.070  1.425  46642  1.4e+14   503  1.0   120  0.18  0.01    63
 501  0.099  0.589  35065  4.7e+13   349  0.7    99  0.79  0.01    15
 502  1.556  0.011  49027  2.8e+14   644  1.3   231  0.29  0.01    89
 503  0.866  0.789  39427  2.0e+14   573  1.2   255  0.33  0.01    40
 504  0.384  0.086  37567  1.1e+14   471  1.0   201  0.20  0.01    34
 505  0.269  0.537  32062  3.9e+14   708  1.5   177  0.11  0.01    77
 506  0.264  0.879  30064  2.2e+14   583  1.2   103  0.22  0.01    43
 507  1.567  0.192  46504  3.3e+14   677  1.4   320  0.15  0.01   115
 508  1.060  0.421  47911  2.9e+14   645  1.3   248  0.15  0.01    88
 509  1.506  1.225  40465  3.8e+14   709  1.4   224  0.17  0.01    86
 510  0.753  0.387  45310  4.7e+14   760  1.5   559  0.06  0.01    34
 511  0.055  0.018  45166  1.0e+14   459  0.9   301  0.47  0.01    38
 512  1.409  0.075  33875  1.3e+14   488  1.0   146  0.12  0.01    30
 513  0.014  0.613  44714  2.5e+14   617  1.3   207  0.14  0.01    71
 514  0.307  0.725  35357  4.3e+14   734  1.5   323  0.11  0.01    71
 515  0.266  0.014  31610  1.3e+14   493  1.0   114  0.46  0.01    33
 516  0.126  0.088  48888  1.2e+14   483  1.0   228  0.32  0.01    49
 517  1.375  0.789  24595  1.6e+14   522  1.1    86  0.22  0.01    32
 518  1.445  0.117  32898  9.1e+14   946  1.9   273  0.08  0.00    30
 519  1.098  0.784  19553  2.0e+14   565  1.2    99  0.37  0.01    50
 520  0.631  0.261  33978  1.3e+14   489  1.0   209  0.20  0.01    30
 521  1.032  0.562  41128  1.5e+14   512  1.0   270  0.16  0.01    60
 522  0.643  0.246  42856  8.1e+13   421  0.9   286  0.20  0.01    29
 523  0.466  0.219  45578  3.4e+14   682  1.4   520  0.09  0.01   106
 524  1.158  0.199  45119  4.3e+14   741  1.5   412  0.08  0.01   136
 525  0.792  0.607  37915  1.6e+14   526  1.1   179  0.22  0.01    39
 526  1.398  1.183  44838  1.6e+14   528  1.1   125  0.20  0.01    51
 527  0.253  0.141  34532  2.5e+14   610  1.3   232  0.38  0.01    63
 528  1.530  0.730  24274  5.1e+14   775  1.6   193  0.11  0.01   135
 529  1.219  1.255  26590  5.0e+14   772  1.6   282  0.07  0.01   155
 530  1.055  0.317  31876  2.0e+14   565  1.2   196  0.17  0.01    35
 531  1.377  0.221  37317  2.4e+14   608  1.2   142  0.18  0.01    42
 532  0.649  0.823  35540  1.1e+14   467  1.0   415  0.14  0.01    46
 533  0.893  0.435  32291  1.5e+14   517  1.1   189  0.29  0.01    28
 534  1.111  0.404  49659  6.4e+13   390  0.8   593  0.12  0.01    36
 535  1.216  1.245  26709  1.7e+14   539  1.1   280  0.11  0.01    59
 536  0.141  0.125  39691  1.6e+14   523  1.1   264  0.32  0.01    36
 537  0.954  0.163  32936  1.5e+14   518  1.1   625  0.11  0.01    63
 538  0.281  0.033  28932  1.7e+14   538  1.1   160  0.24  0.01    48
 539  1.092  0.554  27376  2.2e+14   588  1.2   182  0.16  0.01    73
 540  0.388  0.549  35375  1.7e+14   534  1.1   278  0.17  0.01    47
 541  0.499  0.055  49587  1.7e+14   542  1.1   167  0.14  0.01    31
 542  0.915  0.012  32455  8.1e+13   419  0.9   139  0.43  0.01    30
 543  1.210  0.817  23986  5.9e+13   375  0.8   156  0.35  0.01    37
 544  1.268  0.192  48280  1.5e+14   516  1.0   459  0.10  0.01    40
 545  0.032  0.105  43818  6.3e+13   387  0.8   251  0.20  0.01    29
 546  0.219  0.110  35200  1.8e+14   545  1.1   243  0.36  0.01    54
 547  0.550  0.078  33396  2.1e+14   578  1.2   208  0.22  0.01    74
 548  0.813  0.127  29586  6.4e+13   386  0.8   159  0.41  0.01    28
 549  0.563  0.373  45223  1.5e+14   515  1.0   462  0.18  0.01    73
 550  0.706  0.995  39745  1.5e+14   512  1.0   206  0.38  0.01    46
 551  0.563  0.266  25216  3.1e+14   656  1.4   232  0.16  0.01    81
 552  0.627  1.191  49500  1.1e+14   469  0.9   115  0.27  0.01    36
 553  0.084  0.255  45490  2.9e+14   650  1.3   307  0.13  0.01    74
 554  0.229  0.203  40427  6.8e+14   858  1.7   802  0.05  0.01    65
 555  1.284  0.521  39870  1.2e+14   481  1.0   276  0.20  0.01    40
 556  0.858  0.015  47246  2.5e+14   618  1.2   554  0.11  0.01    85
 557  0.600  0.755  40766  2.2e+14   587  1.2   337  0.11  0.01    75
 558  0.074  0.240  37608  8.5e+13   426  0.9   239  0.19  0.01    52
 559  0.930  1.190  40605  3.1e+14   663  1.4   165  0.22  0.01    44
 560  1.544  0.173  45969  2.4e+14   606  1.2   650  0.09  0.01    47
 561  1.418  1.094  48013  6.3e+13   388  0.8   421  0.14  0.01    35
 562  0.390  0.215  47505  5.0e+14   780  1.6   487  0.09  0.01    79
 563  0.646  0.292  48902  1.1e+14   468  0.9   314  0.10  0.01    48
 564  0.609  0.414  43921  2.2e+14   591  1.2   223  0.18  0.01    49
 565  1.507  0.004  46431  1.1e+14   469  1.0   153  0.29  0.01    33
 566  0.087  0.113  22129  1.5e+14   509  1.1    83  0.35  0.01    41
 567  0.923  0.191  29670  1.2e+14   477  1.0   153  0.26  0.01    37
 568  0.463  0.165  36000  1.5e+14   518  1.1   232  0.22  0.01    36
 569  0.820  0.210  38883  1.2e+14   475  1.0   257  0.22  0.01    54
 570  1.115  0.402  49769  1.5e+14   518  1.0   563  0.10  0.01    65
 571  0.990  0.360  48361  2.3e+14   597  1.2   302  0.10  0.01    84
 572  1.303  0.900  46298  3.9e+15  1552  3.1   817  0.03  0.01    33
 573  0.637  0.078  49089  2.4e+14   609  1.2   359  0.06  0.01    82
 574  1.291  0.337  44578  7.3e+13   406  0.8   248  0.23  0.01    33
 575  1.091  0.235  49435  9.2e+13   441  0.9   258  0.19  0.01    35
 576  1.235  0.316  40883  7.0e+13   401  0.8   363  0.20  0.01    30
 577  0.346  1.104  45172  1.2e+14   475  1.0   127  0.28  0.01    32
 578  1.154  1.011  31007  1.1e+14   460  1.0   102  0.23  0.01    40
 579  1.238  0.286  49030  2.4e+14   605  1.2   354  0.07  0.01    71
 580  1.298  1.192  47097  4.8e+13   354  0.7   113  0.53  0.01    24
 581  0.868  0.612  14888  2.2e+14   583  1.2    76  0.24  0.01    41
 582  0.851  0.779  39415  1.8e+14   553  1.1   278  0.23  0.01    37
 583  0.717  0.233  42571  8.5e+13   428  0.9   213  0.18  0.01    34
 584  1.042  0.910  20219  3.7e+14   696  1.5   208  0.10  0.01    45
 585  0.050  1.379  48266  9.1e+13   440  0.9   102  0.20  0.01    38
 586  0.219  1.154  45522  1.5e+14   513  1.0   179  0.30  0.01    38
 587  0.847  1.106  32613  2.5e+14   615  1.3   230  0.21  0.01    80
 588  1.307  0.912  45874  1.4e+15  1108  2.2   643  0.04  0.00   220
 589  0.562  1.180  32250  5.7e+14   806  1.7   251  0.07  0.01   184
 590  0.952  0.024  48402  1.5e+14   514  1.0   290  0.12  0.01    60
 591  0.720  0.455  24886     -1      -1   -1   116    -1    -1    -1
 592  0.918  1.309  34963  1.7e+14   540  1.1   119  0.25  0.01    59
 593  0.491  0.218  45549  1.5e+14   519  1.1   378  0.23  0.01    48
 594  0.263  0.253  44840  5.3e+13   365  0.7   436  0.24  0.01    32
 595  0.520  0.454  31262  2.5e+14   613  1.3   204  0.37  0.01    61
 596  0.154  0.087  31981  1.7e+14   539  1.1   151  0.33  0.01    47
 597  0.803  0.094  42195  2.4e+14   605  1.2   474  0.11  0.01    68
 598  0.282  0.493  47919  2.9e+14   650  1.3   384  0.10  0.01    56
 599  1.303  0.599  24606  1.9e+14   556  1.2   132  0.15  0.01    32
 600  0.256  0.947  48955  1.1e+14   462  0.9   166  0.28  0.01    35
 601  0.603  0.265  45038  2.0e+14   573  1.2   291  0.16  0.01    55
 602  1.011  0.628  47619  2.3e+14   602  1.2   351  0.12  0.01    51
 603  0.869  0.795  33706  2.1e+14   580  1.2   156  0.25  0.01    38
 604  0.693  0.305  34996  1.8e+14   547  1.1   290  0.16  0.01    40
 605  0.189  0.103  48067  1.6e+14   528  1.1   238  0.35  0.01    53
 606  1.156  0.089  42083  7.8e+13   416  0.8   203  0.22  0.01    31
 607  0.119  0.442  48577  9.4e+13   444  0.9   273  0.09  0.01    33
 608  1.447  0.127  33015  8.4e+13   425  0.9   247  0.22  0.01    34
 609  1.213  0.597   7710  4.0e+14   710  1.5    75  0.10  0.01    61
 610  0.265  0.964  30200  2.6e+14   620  1.3   243  0.09  0.01   101
 611  0.599  0.100  41892  1.8e+14   546  1.1   139  0.28  0.01    17
 612  0.493  0.440  39233  1.1e+14   464  1.0   248  0.20  0.01    42
 613  1.289  0.395  46695  1.1e+14   461  0.9   168  0.21  0.01    44
 614  0.474  0.079  36573  1.1e+14   460  0.9   273  0.35  0.01    36
 615  0.241  0.219  38148  1.9e+14   558  1.1   511  0.16  0.01    70
 616  0.098  0.160  38610  1.2e+14   485  1.0   222  0.20  0.01    45
 617  0.291  0.741  35641  1.3e+14   495  1.0   298  0.18  0.01    69
 618  1.472  1.129  36423  9.0e+13   434  0.9   157  0.31  0.01    35
 619  0.387  0.851  48755  1.8e+14   551  1.1   236  0.07  0.01    87
 620  1.202  1.339  35080  2.0e+14   569  1.2   121  0.16  0.01    70
 621  0.081  0.126  49521  9.1e+13   440  0.9   267  0.12  0.01    44
 622  1.027  0.459   1776  4.0e+14   704  1.5    35  0.24  0.01    35
 623  0.095  0.012  45521  8.7e+13   432  0.9   332  0.32  0.01    31
 624  0.516  0.313  43951  1.7e+14   537  1.1   264  0.22  0.01    47
 625  1.377  1.304  48337  1.7e+14   537  1.1   142  0.14  0.01    44
 626  0.124  0.779  33129  6.1e+13   380  0.8   209  0.40  0.01    35
 627  0.210  0.031  31298  1.1e+14   470  1.0   173  0.31  0.01    38
 628  0.470  0.371  33650  1.1e+14   461  1.0   126  0.46  0.01    34
 629  0.417  0.530  36471  2.1e+14   579  1.2   314  0.13  0.01    53
 630  0.854  0.936  45796  2.6e+14   624  1.3   213  0.17  0.01    49
 631  0.161  0.088  48238  5.7e+14   812  1.6   585  0.06  0.01   243
 632  0.413  0.547  46316  8.4e+13   427  0.9   311  0.13  0.01    33
 633  0.280  1.006  27966  7.6e+13   409  0.9    83  0.27  0.01    26
 634  0.363  0.535  43950  1.9e+14   566  1.1   288  0.18  0.01    35
 635  0.162  0.326  33867     -1      -1   -1   196    -1    -1    -1
 636  0.498  0.190  33746  1.3e+14   487  1.0   293  0.15  0.01    44
 637  0.263  0.184  40081  3.4e+14   680  1.4   489  0.09  0.01    90
 638  1.170  0.199  44962  7.4e+13   408  0.8   455  0.14  0.01    39
 639  0.457  0.672  27738  2.2e+14   585  1.2   213  0.10  0.01    45
 640  0.980  0.839  45143  8.9e+13   435  0.9   195  0.51  0.01    37
 641  0.123  0.769  47218  7.8e+13   417  0.8   272  0.27  0.01    35
 642  1.101  0.837  46650  1.5e+14   516  1.0   217  0.25  0.01    38
 643  0.975  1.033  31229  2.3e+13   272  0.6    55  1.00  0.01     0
 644  0.546  0.392  44530  2.2e+14   590  1.2   430  0.12  0.01    58
 645  1.038  1.014  23134  1.1e+14   461  1.0   142  0.20  0.01    38
 646  1.034  0.044  32410  4.6e+14   748  1.5   402  0.11  0.01   137
 647  1.560  0.670  24426  5.1e+14   777  1.6   237  0.13  0.01   111
 648  0.184  1.463  35293  3.9e+14   712  1.5   132  0.18  0.01    83
 649  0.453  0.670  27795  2.1e+14   578  1.2   228  0.10  0.01    39
 650  0.808  1.486  29305  4.1e+13   332  0.7    35  0.29  0.01    26
 651  0.900  1.055  22004  9.6e+13   441  0.9    74  0.38  0.01    38
 652  0.092  1.176  42658  2.3e+14   602  1.2   190  0.22  0.01    76
 653  1.254  0.446  43503  2.0e+14   570  1.2   238  0.24  0.01    46
 654  0.177  1.498  19553  1.4e+14   498  1.0    26  0.17  0.01    23
 655  1.164  0.859  37234  2.1e+14   576  1.2   202  0.21  0.01    54
 656  0.071  0.438  49412  3.9e+14   718  1.4   352  0.07  0.01   109
 657  1.537  0.424  30768  1.8e+13   253  0.5   143  0.84  0.02    15
 658  1.318  0.278  49827  1.7e+14   546  1.1   209  0.14  0.01    44
 659  0.058  0.532  35142  2.3e+14   592  1.2   243  0.16  0.01    78
 660  0.011  0.464  32734  1.7e+12   114  0.2   215  1.07  0.02     8
 661  1.426  0.382  43840  3.1e+14   658  1.3   292  0.20  0.01    43
 662  0.910  0.481  34581  1.7e+14   541  1.1   182  0.15  0.01    57
 663  1.213  0.138  43572     -1      -1   -1   165    -1    -1    -1
 664  0.151  0.558  36624  2.1e+14   580  1.2   265  0.20  0.01    59
 665  0.106  0.731  44593  2.2e+14   589  1.2   300  0.13  0.01    55
 666  1.267  0.473  43654  7.8e+13   415  0.8   295  0.22  0.01    37
 667  0.498  0.264  17713  5.3e+14   782  1.6   148  0.19  0.01   110
 668  1.200  0.123  42977  2.8e+14   639  1.3   481  0.09  0.01   111
 669  0.737  0.520  37078     -1      -1   -1   359    -1    -1    -1
 670  1.505  0.197  49019  6.6e+13   395  0.8   312  0.27  0.01    55
 671  0.772  0.450  44931     -1      -1   -1   134    -1    -1    -1
 672  0.895  0.887  14286  2.9e+14   636  1.3   107  0.18  0.01    71
 673  0.355  0.205  34922  1.4e+14   508  1.0   232  0.27  0.01    39
 674  0.028  1.426   3210  1.3e+14   483  1.0    11  1.12  0.01    11
 675  1.017  0.867  16437  2.0e+14   564  1.2    69  0.31  0.01    38
 676  1.011  0.072  39024  8.0e+13   419  0.9   168  0.32  0.01    35
 677  1.275  0.216  41482  1.1e+14   467  1.0   321  0.27  0.01    61
 678  1.273  0.567  48624  6.2e+14   839  1.7   212  0.14  0.01    49
 679  1.023  0.816  47351  1.2e+14   482  1.0   185  0.18  0.01    35
 680  0.176  0.174  39849  4.5e+14   749  1.5   532  0.06  0.01    54
 681  0.470  0.257  42058  1.1e+14   470  1.0   315  0.17  0.01    63
 682  0.746  0.111  48491  1.2e+14   480  1.0   188  0.26  0.01    51
 683  1.018  1.013  46549  1.5e+14   517  1.0   102  0.38  0.01    52
 684  0.644  0.149  44386  8.0e+14   909  1.8   341  0.08  0.01    33
 685  0.051  0.387  30653  4.2e+14   725  1.5   237  0.17  0.01   113
 686  1.269  0.492  38915  8.0e+13   419  0.9   298  0.21  0.01    34
 687  1.530  1.137  36195  4.0e+14   718  1.5   191  0.22  0.01   105
 688  0.760  1.272  28691  2.0e+14   563  1.2    74  0.34  0.01    51
 689  0.428  0.969  32947  9.7e+12   205  0.4    57  1.10  0.02     0
 690  1.557  0.149  44355  4.2e+13   338  0.7   377  0.29  0.01    29
 691  0.594  0.890  27657  3.2e+13   306  0.6    64  0.68  0.01    25
 692  0.053  1.112  44742  8.2e+13   422  0.9   165  0.18  0.01    34
 693  0.140  0.248  38497  4.3e+14   736  1.5   484  0.09  0.01   107
 694  1.225  0.296  48957  1.7e+14   537  1.1   456  0.13  0.01    45
 695  0.599  0.517  38538  1.6e+14   522  1.1   203  0.26  0.01    48
 696  1.257  0.329  40667  5.6e+13   372  0.8   210  0.32  0.01    35
 697  1.014  1.035  31237  1.4e+14   501  1.0    76  0.60  0.01    32
 698  0.145  1.377  36453  7.8e+13   414  0.9    61  0.22  0.01    36
 699  0.807  1.050  24856  2.2e+14   584  1.2   100  0.26  0.01    49
 700  1.527  0.173  46352  1.3e+14   490  1.0   573  0.11  0.01    53
 701  0.281  0.981  29459  2.8e+14   635  1.3   143  0.32  0.01    46
 702  0.576  1.154  43515  1.0e+14   457  0.9   103  0.10  0.01    31
 703  1.136  0.512  37977  7.5e+13   409  0.8   276  0.27  0.01    35
 704  0.085  0.850  43959  4.5e+13   346  0.7   201  0.22  0.01    28
 705  0.486  0.274  27578  2.2e+14   587  1.2   195  0.18  0.01    58
 706  0.725  0.529  36900  1.7e+14   542  1.1   374  0.18  0.01    41
 707  1.242  0.636  41454  1.3e+14   492  1.0   208  0.30  0.01    39
 708  1.113  0.421  24916  2.4e+14   603  1.3   154  0.08  0.01    46
 709  1.431  0.607  32164  5.2e+13   361  0.7   250  0.32  0.01    33
 710  0.041  0.555  24464  1.6e+14   521  1.1   108  0.36  0.01    46
 711  0.191  1.141  22697  2.9e+14   637  1.3    80  0.22  0.01    59
 712  1.061  0.919  46389  1.6e+14   529  1.1   236  0.23  0.01    36
 713  1.134  0.398  42224  1.2e+14   484  1.0   159  0.33  0.01    39
 714  0.300  0.224  41074  1.7e+14   539  1.1   241  0.34  0.01    77
 715  0.597  0.029  42038  4.4e+15  1612  3.3   470  0.05  0.01    36
 716  1.386  1.067  46719  8.6e+13   431  0.9   273  0.15  0.01    29
 717  0.947  0.932  41642  2.2e+14   585  1.2   184  0.23  0.01    61
 718  0.112  0.806  36640  1.9e+14   562  1.2   129  0.18  0.01    46
 719  0.035  1.154  42128  6.6e+13   392  0.8   144  0.26  0.01    22
 720  0.468  0.220  45688  1.1e+14   463  0.9   506  0.13  0.01    65
 721  0.495  0.618  30113  4.3e+14   735  1.5   201  0.16  0.01    67
 722  1.025  0.447  43125  4.1e+14   727  1.5   354  0.12  0.01   134
 723  0.851  0.354  31336  9.4e+13   440  0.9   295  0.22  0.01    32
 724  0.262  0.250  36019  1.2e+14   473  1.0   260  0.23  0.01    51
 725  0.816  1.116  33060  1.4e+14   503  1.0   135  0.20  0.01    39
 726  0.771  0.775  40445  2.1e+14   577  1.2   266  0.21  0.01    81
 727  1.072  0.184  30903  1.4e+14   505  1.0   191  0.29  0.01    46
 728  0.062  0.275  48447  1.4e+14   508  1.0   247  0.27  0.01    40
 729  0.383  1.179  22616  1.6e+14   524  1.1   114  0.13  0.01    60
 730  0.158  0.737  33424  9.3e+13   438  0.9   205  0.32  0.01    30
 731  1.099  1.430  46955  1.6e+14   531  1.1   157  0.13  0.01    57
 732  0.207  0.260  36101  2.8e+14   635  1.3   396  0.12  0.01    54
 733  0.836  0.367  31355  2.5e+14   608  1.3   282  0.26  0.01    78
 734  1.387  0.477  44489  1.5e+14   518  1.1   273  0.21  0.01    43
 735  0.734  0.525  36855  2.1e+14   579  1.2   392  0.18  0.01    61
 736  0.021  0.202  48147  3.8e+14   709  1.4   312  0.17  0.01    83
 737  0.958  0.167  32938  1.7e+14   536  1.1   626  0.13  0.01    72
 738  0.142  0.541  46484  2.3e+14   600  1.2   288  0.16  0.01    74
 739  0.649  0.898  46580  1.7e+14   545  1.1   325  0.15  0.01    42
 740  1.319  0.543  47752  1.7e+14   542  1.1   190  0.14  0.01    54
 741  1.424  0.363  30219  1.6e+14   525  1.1   144  0.20  0.01    38
 742  0.802  0.425  45384  1.3e+14   495  1.0   311  0.21  0.01    37
 743  0.271  0.824  37809  1.3e+14   493  1.0   216  0.21  0.01    49
 744  0.160  0.391  47109  1.6e+14   525  1.1   253  0.22  0.01    50
 745  0.833  0.275  40205  3.9e+14   710  1.4   375  0.20  0.01   122
 746  1.376  1.057  46702  2.2e+14   587  1.2   274  0.11  0.01    61
 747  0.022  0.370  46978  1.7e+14   536  1.1   312  0.19  0.01    52
 748  0.271  0.045  49211  9.3e+13   441  0.9   391  0.31  0.01    35
 749  1.133  0.242  28503  2.4e+14   604  1.3   170  0.26  0.01    63
 750  1.547  0.901  11188  2.3e+14   593  1.3    54  0.22  0.01    44
 751  1.514  1.204  37525  5.5e+14   798  1.6   125  0.13  0.01    49
 752  0.131  0.795  32976  2.0e+14   568  1.2   205  0.20  0.01    56
 753  0.046  0.893  29361  1.1e+14   468  1.0    90  0.30  0.01    31
 754  0.978  0.850  20950  1.4e+14   496  1.0    93  0.35  0.01    42
 755  0.019  0.359  40937  2.1e+14   580  1.2   327  0.17  0.01    86
 756  1.398  0.180  43586  1.3e+13   228  0.5   248  0.37  0.02    19
 757  0.287  0.523  46101  8.9e+13   435  0.9   580  0.12  0.01    44
 758  0.042  0.110  43729  3.6e+13   322  0.7   242  0.20  0.01    30
 759  0.321  0.182  35845  3.3e+14   671  1.4   340  0.14  0.01    69
 760  0.249  0.519  35663  1.8e+14   547  1.1   229  0.35  0.01    83
 761  0.793  0.023  23993  1.0e+14   452  0.9   284  0.18  0.01    44
 762  0.863  0.658  34492  1.6e+14   532  1.1   254  0.19  0.01    56
 763  1.264  0.708  44858  2.0e+14   574  1.2   254  0.16  0.01    41
 764  1.501  0.965  40993  6.3e+13   387  0.8    90  0.36  0.01    35
 765  1.047  1.007  22946  7.0e+13   397  0.8   139  0.32  0.01    33
 766  1.300  0.551  34211  1.2e+14   482  1.0   246  0.28  0.01    42
 767  0.174  0.826  47631  8.4e+13   427  0.9   230  0.20  0.01    38
 768  0.762  0.644  48779  9.6e+13   447  0.9   196  0.10  0.01    47
 769  0.018  0.367  29285  1.8e+14   544  1.1   110  0.22  0.01    38
 770  1.278  0.226  41419  1.1e+14   466  1.0   321  0.23  0.01    40
 771  0.205  0.264  35972  1.0e+14   450  0.9   345  0.18  0.01    40
 772  0.641  1.411  49463  1.3e+14   489  1.0    81  0.27  0.01    30
 773  0.543  0.958  47773  6.1e+14   831  1.7   474  0.06  0.01   208
 774  0.467  0.796  39288  1.3e+14   496  1.0   113  0.46  0.01    34
 775  0.873  0.367  46197  1.3e+14   492  1.0   287  0.23  0.01    54
 776  0.264  0.364  38637  1.7e+13   251  0.5    99  0.91  0.02     0
 777  1.125  0.380  49781  3.7e+14   703  1.4   435  0.10  0.01   117
 778  0.163  0.104  48173  2.2e+14   586  1.2   519  0.11  0.01    57
 779  0.051  0.570  24537  1.3e+16  2323  4.8   144  0.06  0.01    70
 780  1.247  0.541  33669  1.1e+14   457  0.9   229  0.19  0.01    40
 781  1.315  0.649  31544  6.8e+13   395  0.8   155  0.43  0.01    32
 782  0.866  0.114  41007  2.1e+14   575  1.2   488  0.16  0.01    73
 783  1.506  0.490  39893  2.1e+14   577  1.2   302  0.26  0.01    77
 784  0.705  0.209  40922  9.7e+13   446  0.9   169  0.21  0.01    32
 785  1.434  0.902  45317  9.3e+13   441  0.9   136  0.23  0.01    32
 786  0.536  0.363  44520  1.0e+14   453  0.9   437  0.16  0.01    44
 787  0.791  0.235  38793  1.1e+15   999  2.0   408  0.08  0.00    75
 788  0.864  0.005  47217  1.2e+14   483  1.0   407  0.20  0.01    50
 789  1.515  0.803  12853  2.2e+14   578  1.2   104  0.18  0.01    49
 790  1.481  0.093  29987  1.9e+14   560  1.2   145  0.19  0.01    64
 791  0.132  0.580  35810  6.0e+13   380  0.8   195  0.42  0.01    30
 792  1.055  0.427  23886  7.1e+13   400  0.8   100  0.28  0.01    33
 793  0.858  0.423  21148  4.0e+14   712  1.5   232  0.19  0.01    63
 794  0.043  0.778  38887  1.7e+14   540  1.1   201  0.18  0.01    45
 795  0.124  0.681  44544  1.6e+14   527  1.1   325  0.15  0.01    63
 796  0.388  0.147  49005  1.6e+14   531  1.1   273  0.13  0.01    40
 797  0.634  0.987  41064  8.4e+13   426  0.9   152  0.28  0.01    30
 798  0.987  0.735  14083  2.2e+14   581  1.2    83  0.14  0.01    43
 799  0.510  0.839  20382  1.8e+14   545  1.1    56  0.26  0.01    35
 800  0.888  0.872  26614  1.3e+14   490  1.0    98  0.35  0.01    32
 801  0.969  0.686  37014  1.5e+14   518  1.1   152  0.27  0.01    54
 802  1.385  0.382  43946  7.1e+13   403  0.8   490  0.15  0.01    40
 803  1.261  0.527  40017  1.4e+14   504  1.0   244  0.36  0.01    42
 804  0.533  0.787  27844  3.0e+14   648  1.3    90  0.37  0.01    51
 805  1.527  0.557  35606  3.2e+14   665  1.4   233  0.20  0.01    70
 806  1.063  0.024  35541  2.2e+14   585  1.2   157  0.18  0.01    38
 807  0.835  0.409  15081  7.7e+13   408  0.9    51  0.18  0.01    27
 808  1.320  0.572  47478  1.9e+14   562  1.1   430  0.14  0.01    55
 809  0.513  0.282  44531  9.5e+13   444  0.9   505  0.16  0.01    33
 810  0.144  0.206  23868  1.7e+14   540  1.1    79  0.17  0.01    38
 811  1.454  0.114  32799  2.1e+14   574  1.2   281  0.11  0.01    51
 812  0.037  0.811  40879  2.5e+13   285  0.6    94  0.86  0.01     0
 813  1.450  0.183  41004  1.4e+14   504  1.0   293  0.15  0.01    45
 814  0.935  0.461  38418  1.9e+14   560  1.1   214  0.27  0.01    65
 815  0.911  1.086  37668  1.0e+14   452  0.9   132  0.45  0.01    32
 816  0.019  0.307  30648  4.0e+14   718  1.5   211  0.12  0.01    57
 817  1.255  0.539  25063  1.0e+14   449  0.9   110  0.23  0.01    33
 818  1.191  0.745  39453  1.1e+14   460  0.9   129  0.23  0.01    37
 819  1.191  0.109  42877  2.2e+14   585  1.2   468  0.10  0.01    68
 820  0.944  0.193  34002     -1      -1   -1   189    -1    -1    -1
 821  0.863  0.405  47831  1.2e+14   486  1.0   427  0.09  0.01    47
 822  1.525  0.007  46784  2.4e+14   609  1.2   244  0.17  0.01    78
 823  1.002  1.309  43571  1.1e+14   470  1.0   102  0.40  0.01    32
 824  0.886  0.400  32442  9.1e+14   945  1.9   257  0.09  0.00    52
 825  0.769  0.605  48348  1.0e+14   456  0.9   209  0.14  0.01    29
 826  0.480  0.318  45677  6.6e+13   393  0.8   195  0.19  0.01    34
 827  0.235  0.193  40095  6.4e+13   389  0.8   842  0.11  0.01    34
 828  0.743  0.400  44861  3.0e+14   653  1.3   513  0.09  0.01   103
 829  0.475  1.329  39140  1.9e+14   560  1.1    68  0.43  0.01    56
 830  0.487  0.666  29448  2.3e+14   597  1.2   208  0.18  0.01    21
 831  0.398  0.640  46916  4.8e+13   352  0.7   256  0.29  0.01    24
 832  0.838  0.408  45977  1.3e+14   493  1.0   230  0.16  0.01    50
 833  0.578  1.253  49862  1.3e+14   500  1.0    72  0.36  0.01    43
 834  0.327  0.556  42652  1.9e+14   560  1.1   421  0.17  0.01    55
 835  1.139  0.504  37936  2.7e+14   628  1.3   279  0.22  0.01    68
 836  0.010  0.547  48886  9.1e+13   440  0.9   169  0.19  0.01    53
 837  0.700  0.573  22632  5.5e+13   366  0.8    61  0.50  0.01    30
 838  1.028  1.059  44438  8.2e+13   423  0.9   124  0.47  0.01    33
 839  0.283  1.314  22516  6.2e+13   381  0.8    50  0.34  0.01    26
 840  1.444  0.598  32227  8.0e+13   417  0.9   240  0.34  0.01    39
 841  0.990  0.570  42576  6.7e+13   394  0.8   235  0.20  0.01    41
 842  0.709  0.230  46823  1.9e+14   560  1.1   259  0.12  0.01    43
 843  1.147  0.006  17337  1.5e+14   516  1.1    67  0.28  0.01    39
 844  0.958  1.093  37146  1.3e+14   489  1.0   166  0.22  0.01    39
 845  0.643  0.983  49097  2.2e+14   591  1.2   336  0.07  0.01    86
 846  0.343  0.550  42862  1.3e+14   497  1.0   360  0.14  0.01    37
 847  0.111  0.630  33536  2.6e+14   619  1.3   220  0.17  0.01    47
 848  0.092  0.701  44847  7.7e+13   414  0.8   243  0.35  0.01    40
 849  0.279  0.003  47587  9.5e+13   445  0.9   254  0.14  0.01    37
 850  0.386  0.619  44488  8.2e+13   422  0.9   234  0.17  0.01    39
 851  0.013  0.224  44198  2.8e+14   638  1.3   344  0.13  0.01    79
 852  0.522  0.276  44865  8.6e+13   429  0.9   430  0.15  0.01    47
 853  0.564  0.560  34936  1.3e+14   490  1.0   151  0.28  0.01    43
 854  0.836  0.363  46797  1.3e+14   493  1.0   264  0.13  0.01    33
 855  0.929  0.353  10765  1.2e+14   470  1.0    80  0.31  0.01    52
 856  0.507  0.684  37215  9.6e+13   445  0.9   143  0.41  0.01    34
 857  1.392  0.141  34252  1.3e+14   494  1.0   133  0.24  0.01    33
 858  1.182  0.205  35076  3.4e+14   680  1.4   235  0.19  0.01    71
 859  0.886  0.374  46228  1.9e+14   563  1.1   341  0.14  0.01    46
 860  0.904  0.271  40202  1.3e+14   491  1.0   203  0.26  0.01    49
 861  0.694  0.288  39741  1.2e+14   479  1.0   185  0.21  0.01    31
 862  0.184  0.898  31544  6.7e+13   392  0.8   150  0.33  0.01    31
 863  0.257  0.217  37781  6.9e+13   398  0.8   339  0.24  0.01    28
 864  1.433  1.111  49269  1.4e+14   511  1.0  1021  0.08  0.01    52
 865  1.227  0.494  44300  1.1e+14   466  0.9   260  0.15  0.01    33
 866  0.717  0.116  43940  9.1e+13   437  0.9   278  0.21  0.01    52
 867  0.376  0.257  47417  7.3e+13   406  0.8   312  0.20  0.01    31
 868  1.243  0.523  40270  2.6e+14   626  1.3   262  0.23  0.01    57
 869  0.270  1.035  47742  1.5e+14   525  1.1   322  0.12  0.01    58
 870  0.381  1.187  43477  1.3e+14   493  1.0   151  0.13  0.01    36
 871  1.068  0.800  48273  6.2e+13   386  0.8   322  0.23  0.01    37
 872  0.911  1.187  40058  3.7e+14   698  1.4   161  0.17  0.01    41
 873  1.162  0.532  28687  3.5e+14   683  1.4   442  0.11  0.01   126
 874  0.173  1.286   4457  6.9e+13   393  0.8    20  0.24  0.01    20
 875  0.220  0.177  25222  1.1e+14   457  1.0   155  0.27  0.01    48
 876  0.209  0.510  34779  1.4e+14   505  1.0   250  0.20  0.01    57
 877  0.564  0.254  46646  6.9e+13   400  0.8   368  0.20  0.01    39
 878  0.973  0.830  38831  2.5e+14   615  1.3   160  0.24  0.01    64
 879  0.516  0.398  20839  8.6e+13   426  0.9   101  0.29  0.01    34
 880  0.536  0.622  40740  2.2e+14   584  1.2   504  0.13  0.01    97
 881  0.825  0.972  22533  1.3e+14   494  1.0    71  0.26  0.01    38
 882  1.251  1.353  34989  2.0e+14   566  1.2    81  0.46  0.01    33
 883  0.158  0.354  32737  2.9e+14   642  1.3   291  0.12  0.01    90
 884  0.258  0.247  44725  1.4e+14   502  1.0   446  0.16  0.01    44
 885  0.988  0.006  35637  2.6e+14   619  1.3   193  0.14  0.01    55
 886  0.422  0.688  29567  6.4e+15  1816  3.7    91  0.07  0.01    27
 887  1.080  0.684  49702  1.0e+14   458  0.9   257  0.10  0.01    46
 888  1.262  0.306  41612  1.2e+14   475  1.0   252  0.26  0.01    37
 889  0.768  0.000  30525  1.8e+14   549  1.1    98  0.23  0.01    35
 890  0.667  0.853  25970  1.4e+14   500  1.0   100  0.53  0.01    35
 891  0.613  0.550  47935  6.7e+13   396  0.8   216  0.40  0.01    35
 892  0.193  0.186  39945  3.4e+14   683  1.4   608  0.09  0.01    86
 893  0.610  0.438  43903  4.5e+13   346  0.7   199  0.41  0.01    27
 894  0.793  0.410  45421  2.6e+14   622  1.3   346  0.11  0.01    48
 895  0.066  0.849  47380  6.1e+13   384  0.8   243  0.12  0.01    39
 896  0.522  0.021  42343  1.7e+14   537  1.1   326  0.16  0.01    40
 897  1.537  1.169  36755  2.0e+14   564  1.2   222  0.14  0.01    76
 898  1.562  0.797  12561  3.9e+14   703  1.5    85  0.17  0.01    76
 899  1.113  0.421  49467  1.3e+14   496  1.0   475  0.10  0.01    42
 900  1.295  1.384  37363  9.1e+13   436  0.9    72  0.63  0.01    35
 901  0.039  0.412  30588  4.5e+15  1619  3.3   277  0.04  0.01    67
 902  0.484  0.664  29409  9.2e+13   437  0.9   274  0.25  0.01    52
 903  0.245  0.300  47232  2.7e+13   293  0.6   432  0.19  0.01    22
 904  0.101  0.128  49261  8.1e+13   422  0.9   193  0.08  0.01    34
 905  0.191  0.181  40016  3.5e+14   687  1.4   604  0.09  0.01   115
 906  0.077  0.474  48768  1.1e+14   462  0.9   268  0.15  0.01    45
 907  1.524  1.302  44769  4.9e+13   356  0.7   142  0.29  0.01    31
 908  1.458  0.917  45374  2.2e+14   588  1.2   157  0.25  0.01    37
 909  1.251  0.665  25145  8.6e+13   427  0.9   104  0.25  0.01    31
 910  0.268  0.301  47610  1.4e+14   503  1.0   494  0.11  0.01    37
 911  0.022  0.767  39703  1.1e+14   460  0.9   282  0.25  0.01    49
 912  0.493  0.135  36824  1.1e+14   462  1.0   331  0.23  0.01    34
 913  0.883  0.241  24504  1.7e+14   535  1.1   182  0.20  0.01    50
 914  0.980  0.205  20150  1.3e+14   483  1.0    74  0.34  0.01    32
 915  0.056  0.706  44789  1.7e+14   539  1.1   251  0.16  0.01    68
 916  1.179  0.647  42657  1.1e+14   464  0.9   120  0.50  0.01    33
 917  1.511  0.507  39867  1.2e+14   475  1.0   382  0.17  0.01    57
 918  0.017  1.187  18897  6.8e+13   391  0.8    77  0.25  0.01    41
 919  1.325  1.272  47281  2.0e+14   576  1.2   162  0.17  0.01    66
 920  1.569  0.105  19426  1.1e+14   457  1.0    89  0.23  0.01    29
 921  0.077  0.728  45346  1.3e+14   492  1.0   174  0.19  0.01    41
 922  0.421  0.231  46710  1.2e+14   479  1.0   497  0.15  0.01    69
 923  0.996  1.068  44366  7.2e+13   405  0.8   186  0.26  0.01    38
 924  0.985  0.631  29605  2.5e+14   613  1.3   183  0.26  0.01    60
 925  1.377  0.526  34036  1.5e+14   514  1.1   124  0.34  0.01    28
 926  0.405  0.325  41023  1.6e+14   529  1.1   512  0.11  0.01    98
 927  0.098  0.536  46488  1.1e+14   464  0.9   197  0.18  0.01    31
 928  0.314  1.194  48788  2.3e+14   604  1.2   158  0.09  0.01    57
 929  0.867  0.279  44493  6.9e+13   399  0.8   201  0.21  0.01    30
 930  0.391  0.381  36090  2.3e+13   276  0.6   301  0.26  0.01    19
 931  1.338  0.644  31493  1.9e+14   554  1.1   218  0.20  0.01    55
 932  1.533  0.301  36839  1.3e+14   494  1.0   252  0.17  0.01    50
 933  0.504  0.387  47271  6.9e+13   399  0.8   335  0.24  0.01    29
 934  1.163  1.054  34285  1.5e+14   519  1.1   171  0.18  0.01    68
 935  0.211  0.063  48177  2.0e+14   570  1.2   369  0.10  0.01    47
 936  1.493  0.945  45297  7.0e+13   402  0.8   187  0.37  0.01    31
 937  1.521  0.065  48176  8.4e+13   427  0.9   468  0.17  0.01    50
 938  0.623  0.257  43288  1.5e+14   522  1.1   425  0.10  0.01    66
 939  1.110  0.353  45814  9.9e+13   452  0.9   237  0.37  0.01    46
 940  0.370  0.212  34907  6.9e+13   397  0.8   226  0.31  0.01    33
 941  0.952  1.129  35914  1.2e+14   475  1.0    96  0.51  0.01    37
 942  1.017  0.472  40514  1.8e+14   545  1.1   243  0.16  0.01    39
 943  0.226  0.567  45788  6.5e+13   392  0.8   196  0.25  0.01    30
 944  0.378  0.015  37941  1.6e+14   525  1.1   214  0.42  0.01    43
 945  0.237  0.885  37435  1.2e+14   483  1.0   109  0.36  0.01    41
 946  0.724  0.508  36895  2.6e+14   625  1.3   307  0.15  0.01    48
 947  0.527  0.382  42845  2.1e+14   579  1.2   373  0.12  0.01    51
 948  0.756  0.091  36754  2.7e+14   625  1.3   250  0.13  0.01    52
 949  1.440  0.729  24674  1.2e+14   478  1.0    69  0.09  0.01    33
 950  1.224  0.827  23971  5.5e+13   367  0.8   145  0.47  0.01    29
 951  0.786  1.343  27592  1.2e+14   480  1.0    57  0.21  0.01    39
 952  1.007  0.666  27494  1.2e+14   473  1.0   118  0.35  0.01    39
 953  0.101  0.776  43250  1.8e+14   547  1.1   304  0.17  0.01    47
 954  1.423  0.370  43599  1.0e+14   457  0.9   265  0.26  0.01    47
 955  0.854  0.414  48157  1.5e+14   515  1.0   309  0.08  0.01    42
 956  0.799  0.507  24266  1.0e+14   447  0.9   195  0.19  0.01    38
 957  0.250  0.961  30941  1.9e+14   554  1.1    75  0.68  0.01     0
 958  0.547  0.551  29006  3.4e+14   674  1.4   153  0.24  0.01    48
 959  0.301  0.199  35931  6.4e+13   388  0.8   200  0.32  0.01    31
 960  0.011  0.638  49128  5.6e+13   374  0.8   176  0.20  0.01    35
 961  0.924  0.742  39990  3.1e+14   662  1.4   135  0.22  0.01    62
 962  0.797  0.751  44541  7.3e+13   407  0.8   223  0.23  0.01    35
 963  1.308  1.359  37107  8.4e+13   425  0.9    99  0.35  0.01    33
 964  0.316  0.733  35351  1.8e+14   545  1.1   238  0.18  0.01    39
 965  1.326  0.014  43151  1.7e+14   535  1.1   249  0.15  0.01    56
 966  0.682  0.052  30970  1.0e+14   454  0.9   145  0.21  0.01    37
 967  0.167  0.533  21818  9.5e+13   440  0.9    66  0.56  0.01    33
 968  0.782  0.554  39125  8.2e+13   423  0.9   226  0.21  0.01    27
 969  0.029  0.451  32633  5.3e+14   786  1.6   319  0.14  0.01   114
 970  0.836  0.378  45731  7.7e+13   414  0.8   331  0.13  0.01    28
 971  1.061  0.421  32344  1.7e+14   536  1.1   139  0.18  0.01    35
 972  0.055  0.918  23612  4.4e+14   739  1.5   183  0.17  0.01    96
 973  1.562  0.309  43110  2.7e+14   632  1.3   215  0.13  0.01    68
 974  1.456  0.207  34198  1.4e+14   504  1.0   234  0.32  0.01    50
 975  1.175  0.520  29414  8.0e+14   904  1.9   595  0.07  0.01   154
 976  0.045  0.270  48424  1.3e+14   490  1.0   319  0.16  0.01    49
 977  1.507  0.795  40004  6.8e+13   396  0.8   218  0.16  0.01    22
 978  0.617  0.348  43730     -1      -1   -1   158    -1    -1    -1
 979  0.058  0.898  44939  1.0e+14   454  0.9   247  0.24  0.01    38
 980  0.354  0.412  25412  1.0e+14   451  0.9    87  0.59  0.01    31
 981  1.526  1.004  27773  1.0e+14   452  0.9    88  0.22  0.01    30
 982  0.643  0.154  43995  8.5e+13   429  0.9   305  0.18  0.01    43
 983  1.271  0.173  31572  2.4e+14   605  1.3   173  0.25  0.01    70
 984  0.976  1.164  40778  1.4e+14   504  1.0   165  0.17  0.01    49
 985  1.397  0.784  31955  9.7e+13   444  0.9   153  0.21  0.01    34
 986  0.531  0.387  20188  2.1e+14   577  1.2   129  0.19  0.01    36
 987  0.113  0.982  45444  2.4e+14   603  1.2   146  0.19  0.01    38
 988  0.663  0.901  46865  9.9e+13   450  0.9   386  0.13  0.01    35
 989  1.553  0.841  30849  7.6e+13   410  0.9   138  0.30  0.01    34
 990  0.150  1.256  42065  6.6e+13   393  0.8   113  0.31  0.01    33
 991  0.950  0.632  49149  8.3e+13   425  0.9   173  0.47  0.01    31
 992  0.064  1.311  31238  9.1e+13   435  0.9    54  0.48  0.01    37
 993  0.094  0.002  45533  5.2e+14   788  1.6   271  0.22  0.01    58
 994  1.508  1.224  34604  1.2e+14   473  1.0   116  0.21  0.01    35
 995  0.338  1.155  32574  7.4e+13   406  0.8    55  0.73  0.01    28
 996  0.036  0.626  21130  3.4e+14   673  1.4   147  0.11  0.01    75
 997  0.746  0.383  45292  7.1e+13   404  0.8   441  0.13  0.01    57
 998  0.862  0.183  29872  4.4e+13   341  0.7   115  0.32  0.01    26
 999  0.981  1.130  35999  5.5e+13   369  0.8    89  0.66  0.01    32
1000  0.601  0.926  46819  4.4e+14   743  1.5   157  0.45  0.01     5
