# halo-id  ra  dec  vres  m200  vdisp200  r200  N200  M200err(stat)  M200err(syst)  Ngal_rmax
   1  0.860  0.136  40898     -1      -1   -1    -1    -1    -1   297
   2  1.209  0.280  42329  2.4e+14   603  1.2    62  0.29  0.01   264
   3  0.411  0.154  36612  2.9e+14   644  1.3   133  0.15  0.01   359
   4  1.067  0.895  19166  5.2e+14   776  1.6   154  0.12  0.01   199
   5  1.432  1.124  49669  1.3e+15  1071  2.1   489  0.05  0.00   812
   6  0.799  1.453  36579  9.0e+13   435  0.9    32  0.41  0.01    44
   7  0.289  0.552  35463  4.2e+14   730  1.5   135  0.16  0.01   296
   8  1.267  0.600  32473  4.0e+14   715  1.5   149  0.12  0.01   356
   9  0.597  0.036  41865  3.6e+14   696  1.4   132  0.13  0.01   445
  10  1.171  0.261  49553  6.6e+13   394  0.8    29  0.11  0.01   268
  11  0.120  1.240  19466  2.6e+14   620  1.3   112  0.10  0.01   152
  12  1.388  0.891  45369  1.4e+14   508  1.0    55  0.40  0.01   184
  13  0.461  0.409  40002  1.7e+14   538  1.1    58  0.20  0.01   255
  14  0.514  1.267  33804  1.2e+14   484  1.0    26  0.36  0.01    55
  15  1.373  0.637  31585  3.7e+14   695  1.4    94  0.13  0.01   210
  16  0.811  0.651  31942  6.4e+13   387  0.8    35  0.23  0.01   145
  17  1.195  0.524  32502  6.5e+13   389  0.8    39  0.22  0.01   225
  18  0.527  0.496  32243  6.7e+14   851  1.8    73  0.09  0.01   207
  19  0.002  0.694  46911  3.6e+13   323  0.7    18  0.62  0.01   118
  20  0.912  0.559  30706  2.4e+14   599  1.2    71  0.33  0.01   155
  21  0.815  0.045  37229     -1      -1   -1    -1    -1    -1   105
  22  0.247  0.454  33384  2.1e+14   576  1.2    49  0.24  0.01   168
  23  0.662  0.811  35449  4.0e+14   718  1.5   120  0.14  0.01   307
  24  0.256  0.278  45442  2.8e+14   643  1.3    87  0.11  0.01   647
  25  1.421  1.228  28360  1.8e+14   544  1.1    46  0.41  0.01    88
  26  1.415  1.245  37955  5.4e+12   169  0.3    10  1.21  0.02    48
  27  0.421  0.112  48498  3.6e+14   697  1.4   106  0.04  0.01   385
  28  0.132  0.536  46557  3.0e+13   303  0.6    11  0.70  0.01   203
  29  0.239  0.189  41065  1.6e+14   532  1.1    77  0.11  0.01   485
  30  1.024  0.560  41187  6.5e+13   391  0.8    36  0.16  0.01   230
  31  1.240  0.904  43573  2.3e+14   600  1.2    87  0.21  0.01   250
  32  0.054  1.345  19621  4.7e+14   751  1.6   107  0.09  0.01   120
  33  0.497  0.288  43698  1.3e+14   487  1.0    55  0.13  0.01   417
  34  0.745  0.515  41419  7.8e+13   415  0.8    40  0.16  0.01   287
  35  1.213  0.320  48366  7.4e+14   888  1.8   281  0.06  0.01   623
  36  0.541  0.251  34787  1.9e+14   557  1.1    80  0.25  0.01   257
  37  0.385  0.639  32292  1.5e+14   516  1.1    69  0.15  0.01   183
  38  0.740  1.246  29517  4.7e+13   348  0.7    23  0.29  0.01   120
  39  0.115  1.448  33568  2.4e+14   604  1.2    78  0.20  0.01   102
  40  0.787  0.030  36364  9.4e+13   441  0.9    66  0.22  0.01   281
  41  0.850  1.095  32623  2.1e+14   578  1.2    63  0.24  0.01   206
  42  0.841  1.490  49138  1.4e+14   503  1.0    46  0.24  0.01    97
  43  0.261  0.576  48940  1.8e+14   554  1.1    58  0.15  0.01   203
  44  1.161  0.355  49047  9.4e+13   443  0.9    55  0.18  0.01   312
  45  0.785  0.943  24188  1.1e+14   456  1.0    53  0.26  0.01   129
  46  0.290  0.508  35652  3.4e+13   314  0.6    24  0.32  0.01   114
  47  1.218  0.327  40867  3.6e+14   694  1.4   115  0.13  0.01   314
  48  0.059  0.353  30023  1.1e+13   211  0.4     7  0.88  0.02   173
  49  1.247  1.033  35143  6.3e+13   386  0.8    34  0.43  0.01    90
  50  0.027  0.457  32700  9.8e+13   447  0.9    42  0.24  0.01   274
  51  1.519  0.108  43746  6.9e+13   398  0.8    24  0.21  0.01   240
  52  1.005  0.931  21300  3.0e+14   648  1.4   106  0.09  0.01   174
  53  1.392  0.108  45003  2.8e+14   636  1.3    71  0.30  0.01   236
  54  0.883  0.068  34078  1.8e+14   549  1.1    73  0.31  0.01   190
  55  0.806  0.011  23976  3.5e+14   685  1.4   106  0.14  0.01   249
  56  0.483  0.189  44175  4.7e+14   761  1.5   198  0.09  0.01   459
  57  1.018  0.776  47806  2.5e+14   616  1.2    90  0.13  0.01   386
  58  0.485  0.186  34055  2.0e+14   565  1.2    64  0.18  0.01   235
  59  1.128  0.465  34177  3.3e+14   670  1.4    94  0.32  0.01   281
  60  1.567  0.622  25395  4.4e+14   735  1.5   180  0.09  0.01   285
  61  0.438  0.940  48957  5.2e+13   364  0.7    27  0.18  0.01   140
  62  0.755  0.722  48213  4.0e+14   723  1.5   120  0.07  0.01   326
  63  1.231  1.208  29205  3.7e+14   698  1.4   108  0.16  0.01   140
  64  0.908  1.114  33493  8.6e+13   427  0.9    35  0.36  0.01   105
  65  1.131  0.418  49571  6.6e+13   394  0.8    28  0.18  0.01   381
  66  0.032  0.439  23770  1.5e+14   511  1.1    70  0.29  0.01   112
  67  1.519  0.279  33715  1.4e+14   499  1.0    50  0.17  0.01   388
  68  0.613  0.045  48703  4.6e+14   755  1.5   144  0.06  0.01   436
  69  0.251  0.176  40597  2.3e+13   276  0.6    25  0.15  0.01   721
  70  0.196  0.669  26234  2.9e+13   295  0.6    10  0.81  0.01   129
  71  1.028  0.795  47603  2.2e+14   592  1.2    58  0.14  0.01   187
  72  0.596  0.864  43580  7.9e+13   417  0.9    17  0.27  0.01    89
  73  0.851  0.648  47463  6.3e+13   387  0.8    32  0.37  0.01   185
  74  0.550  0.035  29018  1.4e+14   508  1.1    48  0.30  0.01   189
  75  0.717  0.882  47002  1.2e+14   486  1.0    57  0.15  0.01   234
  76  0.823  0.475  22511  1.5e+14   508  1.1    58  0.13  0.01   175
  77  0.974  0.508  49578  7.3e+12   188  0.4     9  0.95  0.02   128
  78  1.560  1.100  45720  1.3e+14   494  1.0    44  0.23  0.01   126
  79  0.392  0.532  35580  1.4e+14   508  1.0    18  0.20  0.01   196
  80  0.452  0.626  48333  1.6e+14   529  1.1    56  0.24  0.01   242
  81  0.088  0.687  24714  5.6e+13   368  0.8    22  0.42  0.01    60
  82  0.629  0.660  36318  7.9e+12   192  0.4     2  0.99  0.02   109
  83  0.645  0.546  47990  1.8e+14   552  1.1    61  0.15  0.01   215
  84  0.650  1.439  34222  1.2e+14   479  1.0    52  0.39  0.01    79
  85  0.270  0.296  47812  7.3e+13   407  0.8    40  0.13  0.01   319
  86  1.190  0.956  12562  3.3e+14   666  1.4    83  0.20  0.01   107
  87  0.685  0.317  34574  1.6e+14   532  1.1    58  0.21  0.01   171
  88  0.580  0.200  26500  6.4e+13   386  0.8    23  0.25  0.01    81
  89  0.790  0.669  49503  3.3e+13   313  0.6    18  0.23  0.01   199
  90  0.629  0.172  43063  9.1e+13   437  0.9    11  0.62  0.01   160
  91  0.725  1.186  32381  1.8e+14   546  1.1    63  0.24  0.01   156
  92  1.559  1.114  19878  2.2e+13   268  0.6    11  1.18  0.01    24
  93  0.940  0.430  35465  4.4e+13   343  0.7    13  0.79  0.01   100
  94  0.164  1.160  44943  8.3e+13   425  0.9    23  0.16  0.01   235
  95  0.763  0.027  37626  2.1e+14   581  1.2    69  0.16  0.01   179
  96  0.596  0.731  39785  9.6e+13   446  0.9    28  0.30  0.01   139
  97  1.183  0.608  49422  5.4e+13   368  0.7    32  0.43  0.01   135
  98  1.170  0.368  48937  2.0e+13   262  0.5    10  0.71  0.01   252
  99  1.455  0.065  45240  1.1e+14   468  1.0     8  0.53  0.01   232
 100  0.509  0.204  45636  9.2e+13   440  0.9    28  0.29  0.01   216
 101  0.267  0.289  42341  4.1e+13   335  0.7    16  0.30  0.01   115
 102  0.777  1.101  38926  2.3e+14   592  1.2    89  0.22  0.01   171
 103  0.079  0.935  45474  2.5e+14   618  1.3    54  0.16  0.01   173
 104  0.073  1.120  28142  4.3e+13   338  0.7    27  0.53  0.01    62
 105  0.245  0.426  48469  1.3e+14   494  1.0    62  0.28  0.01   217
 106  0.355  0.108  13331  7.7e+13   408  0.9    42  0.13  0.01    72
 107  1.402  0.453  30606  1.2e+14   483  1.0    38  0.39  0.01   143
 108  1.104  0.649  37550  5.6e+13   372  0.8    21  0.54  0.01   103
 109  1.100  0.913  46646  1.4e+14   502  1.0    69  0.18  0.01   188
 110  0.327  0.306  48553  2.0e+14   576  1.2    43  0.11  0.01   274
 111  0.727  1.233  29648  1.1e+14   462  1.0    24  0.25  0.01   141
 112  0.354  0.997  41488  3.5e+13   318  0.7    19  0.32  0.01   145
 113  1.522  0.441  30895  7.1e+13   400  0.8    32  0.25  0.01   122
 114  0.851  0.578  49053  7.6e+13   413  0.8    24  0.14  0.01   234
 115  1.067  0.726  43103  4.8e+13   354  0.7    17  0.41  0.01   116
 116  1.259  0.479  38783  2.1e+14   574  1.2    32  0.20  0.01   195
 117  1.132  0.074  32754  3.8e+13   325  0.7    19  0.26  0.01   139
 118  0.654  0.068  39663  1.5e+14   517  1.1    81  0.18  0.01   264
 119  0.523  0.498  33593  2.1e+14   575  1.2    31  0.12  0.01   213
 120  0.397  1.018  28177  4.1e+14   722  1.5   102  0.18  0.01   186
 121  0.668  0.292  45985     -1      -1   -1    -1    -1    -1   141
 122  1.049  0.925  20149  1.8e+14   545  1.1    76  0.09  0.01   190
 123  1.370  0.870  47375  9.2e+13   440  0.9    41  0.19  0.01   167
 124  1.506  1.115  43619  1.2e+14   485  1.0    42  0.41  0.01   154
 125  0.546  0.031  19494  1.6e+14   520  1.1    35  0.51  0.01    62
 126  1.483  0.301  31928  4.7e+14   754  1.6   144  0.14  0.01   362
 127  1.450  0.291   7607  2.9e+13   292  0.6    11  1.24  0.01    16
 128  0.912  0.320  22012  7.5e+13   406  0.9    23  0.21  0.01    71
 129  1.540  0.242  43885     -1      -1   -1    -1    -1    -1   106
 130  0.861  0.115  41088  1.2e+13   221  0.5    10  0.71  0.02   365
 131  1.534  0.074  48814  1.5e+14   516  1.0    65  0.14  0.01   406
 132  0.747  0.384  35562  9.5e+13   443  0.9    28  0.26  0.01    81
 133  0.652  0.686  36659  2.9e+14   646  1.3    88  0.16  0.01   195
 134  1.223  0.710  24998  9.6e+13   442  0.9    38  0.39  0.01   100
 135  0.599  0.037  41882  3.2e+14   669  1.4    90  0.13  0.01   428
 136  0.868  0.126  46108  8.0e+12   194  0.4     4  0.83  0.02   234
 137  1.330  0.141  45476  1.7e+14   539  1.1    43  0.43  0.01   164
 138  0.610  0.487  43621  7.0e+14   869  1.8   291  0.08  0.01   530
 139  1.133  0.029  44668  7.3e+13   407  0.8    28  0.31  0.01   177
 140  0.722  0.268  44234  1.9e+14   556  1.1    64  0.38  0.01   271
 141  1.340  0.679  43559  1.2e+14   484  1.0    46  0.29  0.01   207
 142  0.980  1.328  44138  1.4e+14   504  1.0    45  0.39  0.01    88
 143  1.390  0.147  44135  6.3e+13   386  0.8    18  0.36  0.01   242
 144  1.278  0.555  33982  6.0e+14   821  1.7   254  0.07  0.01   444
 145  1.536  0.331  32986  7.9e+13   415  0.9    35  0.52  0.01   136
 146  0.943  0.350  40827  1.2e+14   477  1.0    29  0.29  0.01   153
 147  0.572  1.124  31564  1.4e+14   505  1.0    64  0.21  0.01   170
 148  0.164  0.160  33157  1.7e+14   542  1.1    41  0.27  0.01   160
 149  0.349  0.098  35499     -1      -1   -1    -1    -1    -1    95
 150  1.291  0.169  46561  1.3e+14   498  1.0    10  0.56  0.01   173
 151  1.460  0.603  43212  1.1e+13   215  0.4    13  0.95  0.02   107
 152  1.126  0.452  48841  6.0e+13   381  0.8    22  0.21  0.01   123
 153  1.406  1.028  28139  4.4e+13   341  0.7    28  0.69  0.01    96
 154  0.860  0.131  40879  6.3e+13   387  0.8    20  0.27  0.01   426
 155  1.383  0.311  44541  1.0e+14   459  0.9    24  0.40  0.01   216
 156  1.506  0.127  46185     -1      -1   -1    -1    -1    -1    74
 157  1.029  0.681  36499  1.1e+14   459  0.9    33  0.29  0.01    90
 158  0.956  0.565  34476  5.1e+13   359  0.7    27  0.80  0.01    86
 159  1.318  0.455  19426  1.3e+14   488  1.0    30  0.11  0.01    97
 160  0.659  0.026  30237  2.1e+13   266  0.6    10  0.87  0.01   113
 161  1.479  0.951  45177  1.2e+14   480  1.0    26  0.22  0.01   143
 162  0.577  0.253  25178  1.2e+13   221  0.5    10  0.91  0.02   134
 163  0.242  0.234  44046  6.2e+13   386  0.8    19  0.23  0.01   200
 164  1.191  0.507  29475  1.3e+14   490  1.0    18  0.18  0.01   206
 165  0.269  1.212  46497  1.5e+13   239  0.5    17  0.52  0.02    89
 166  0.768  1.030  30914  1.6e+14   524  1.1    45  0.33  0.01    88
 167  0.022  0.510  37418  1.7e+14   542  1.1    61  0.25  0.01   168
 168  0.415  0.516  36885  7.7e+13   412  0.8    20  0.19  0.01   293
 169  1.205  0.440  39669  3.1e+13   305  0.6    19  0.40  0.01    81
 170  0.680  0.966  12427  7.6e+13   407  0.9    16  0.56  0.01    28
 171  0.783  0.827  41244     -1      -1   -1    -1    -1    -1   113
 172  0.267  1.187  48501  6.8e+13   399  0.8    41  0.28  0.01   111
 173  0.524  0.178  32303  1.2e+14   473  1.0    21  0.31  0.01   116
 174  1.116  0.411  49711  2.2e+14   590  1.2    78  0.09  0.01   531
 175  1.289  0.166  48400  1.1e+14   461  0.9    45  0.12  0.01   224
 176  1.527  0.476  34432  3.9e+14   709  1.5   141  0.14  0.01   342
 177  1.044  0.907  46742  1.1e+14   473  1.0    49  0.28  0.01   185
 178  0.249  0.278  45506  1.5e+14   513  1.0    24  0.14  0.01   581
 179  0.001  1.148  42365  1.5e+14   514  1.0    68  0.44  0.01   157
 180  1.242  0.655  25294     -1      -1   -1    -1    -1    -1    60
 181  1.429  0.882  48518  9.7e+13   449  0.9    35  0.27  0.01   118
 182  1.284  0.078  39657  4.5e+13   345  0.7    24  0.33  0.01   164
 183  0.362  0.186  49459  1.2e+14   488  1.0    45  0.21  0.01   156
 184  0.563  0.923  49036  4.2e+13   337  0.7     9  0.76  0.01   111
 185  0.879  0.511  30287  2.1e+14   574  1.2    77  0.16  0.01   183
 186  0.936  1.104   2291  7.3e+13   400  0.9     8  1.27  0.01     8
 187  0.961  0.882  49916  2.7e+14   635  1.3   101  0.13  0.01   246
 188  0.032  0.878  41200  1.7e+14   538  1.1    66  0.20  0.01   183
 189  1.559  0.202  13025  2.6e+14   614  1.3    72  0.19  0.01    99
 190  0.874  0.113  24616  1.7e+14   537  1.1    27  0.29  0.01   107
 191  1.099  0.584  38911  1.3e+15  1081  2.2    28  0.06  0.00   210
 192  0.946  0.660  42972  5.8e+13   377  0.8    23  0.44  0.01   130
 193  0.804  0.418  45362  1.0e+13   210  0.4    12  0.80  0.02   242
 194  1.286  1.141  27936  7.9e+13   415  0.9    20  0.55  0.01    41
 195  0.823  0.590  46379     -1      -1   -1    -1    -1    -1    58
 196  0.774  0.381  45613  1.4e+14   512  1.0    44  0.15  0.01   343
 197  0.552  0.006  40892  8.0e+13   419  0.9    36  0.55  0.01   107
 198  0.899  0.420  32423  1.4e+14   502  1.0    42  0.20  0.01   202
 199  0.631  0.993  49330  3.5e+13   319  0.6    21  0.18  0.01   253
 200  1.417  1.250  29575  1.1e+14   468  1.0    36  0.30  0.01    78
 201  0.251  0.279  45551  2.3e+14   600  1.2   111  0.11  0.01   606
 202  0.542  0.185  31976  4.0e+14   719  1.5    15  0.58  0.01    81
 203  0.617  1.264  31110  8.2e+13   420  0.9    28  0.40  0.01    62
 204  1.363  0.520  41527  5.1e+13   359  0.7    18  0.61  0.01    97
 205  1.105  0.905  19066  1.1e+14   467  1.0    22  0.45  0.01    61
 206  0.546  0.649  49945  7.2e+13   405  0.8    19  0.35  0.01    59
 207  0.272  0.047  29237  3.9e+13   327  0.7     5  0.73  0.01   156
 208  0.591  0.489  43510  3.6e+12   148  0.3     5  0.96  0.02   204
 209  0.480  0.780  48463  1.6e+13   243  0.5     7  0.95  0.02    77
 210  0.167  0.220  39382  1.1e+14   469  1.0    20  0.41  0.01   166
 211  0.078  0.962  45685  2.0e+13   263  0.5    10  0.78  0.01   165
 212  1.210  1.030  12053  1.1e+14   461  1.0    22  0.45  0.01    33
 213  0.235  0.188  39457  1.9e+14   562  1.1    74  0.12  0.01   458
 214  0.325  0.595  40648  1.6e+14   534  1.1    77  0.18  0.01   320
 215  0.800  0.018  24007     -1      -1   -1    -1    -1    -1   257
 216  0.759  0.604  22261  7.0e+13   396  0.8    32  0.51  0.01    69
 217  0.017  0.905  31730  1.7e+14   537  1.1    69  0.23  0.01   150
 218  1.546  1.355  40753  6.0e+13   379  0.8    24  0.51  0.01    70
 219  0.078  0.966  38671  2.0e+13   261  0.5    14  0.99  0.01    58
 220  0.103  0.314  35537  2.0e+14   566  1.2    53  0.26  0.01   161
 221  0.201  0.116  35457  2.7e+14   628  1.3   121  0.15  0.01   313
 222  0.199  0.366  47105  3.7e+14   705  1.4   100  0.13  0.01   351
 223  0.834  0.178  28993  2.4e+14   601  1.2    91  0.20  0.01   184
 224  1.451  0.810  41309  4.9e+13   355  0.7    19  0.30  0.01   100
 225  0.458  1.286  33507  2.4e+13   277  0.6    14  1.06  0.01    37
 226  0.106  0.667  38732  1.7e+14   535  1.1    79  0.14  0.01   257
 227  1.098  0.249  49486  1.0e+14   455  0.9    42  0.13  0.01   211
 228  0.498  1.381  49187  3.5e+13   319  0.6    10  0.98  0.01    40
 229  1.418  1.187  46660  3.3e+13   312  0.6    25  0.43  0.01   123
 230  0.366  0.002  29295  7.0e+13   399  0.8    28  0.61  0.01    74
 231  1.432  0.144  44011  1.1e+13   217  0.4    15  0.83  0.02   192
 232  0.853  0.537  46259  1.2e+14   485  1.0    44  0.18  0.01   261
 233  0.367  0.488  43548  3.2e+13   307  0.6    17  0.30  0.01   115
 234  1.300  0.895  46488  2.3e+14   598  1.2   140  0.10  0.01   419
 235  0.824  1.472  48781  5.2e+13   363  0.7    38  0.31  0.01   105
 236  0.629  1.137  27862  5.4e+13   364  0.8    18  0.50  0.01    57
 237  1.210  0.211  36947  2.7e+14   633  1.3    98  0.16  0.01   307
 238  1.229  0.580   7789  4.0e+13   326  0.7     2  1.01  0.01    41
 239  0.124  0.697  38574  8.5e+13   426  0.9    36  0.32  0.01   244
 240  0.595  0.933  11738  9.7e+13   440  0.9    13  0.95  0.01    30
 241  0.658  0.896  46637  7.1e+13   404  0.8    38  0.20  0.01   261
 242  0.873  0.757  46478  1.8e+13   256  0.5    14  0.92  0.01    83
 243  1.568  0.338  43575  1.0e+14   458  0.9    42  0.43  0.01   136
 244  0.356  0.995  47390  2.0e+13   263  0.5     8  0.86  0.01   110
 245  0.952  0.155  32934  2.4e+14   607  1.3   107  0.07  0.01   553
 246  0.777  0.567  25846  2.6e+12   131  0.3     8  1.40  0.02    34
 247  1.497  0.576  42333  2.1e+14   576  1.2    60  0.14  0.01   215
 248  0.209  0.078  48075  6.7e+13   395  0.8    25  0.18  0.01   302
 249  0.309  0.168  46891  2.7e+13   293  0.6    24  0.42  0.01   146
 250  0.692  0.682  35325  2.5e+13   284  0.6    25  0.42  0.01   101
 251  0.901  0.809  38655  6.6e+13   391  0.8    42  0.33  0.01   195
 252  0.806  0.354  46138  3.0e+13   301  0.6    21  0.19  0.01   373
 253  1.300  0.064  46866  4.1e+12   155  0.3     6  1.14  0.02    76
 254  1.422  1.098  48079  1.9e+13   261  0.5    15  0.66  0.01   346
 255  1.440  0.602  32233  3.4e+13   312  0.6    23  0.43  0.01   225
 256  0.846  0.365  31326  5.5e+13   367  0.8    29  0.35  0.01   263
 257  0.774  0.101  36249  1.7e+16  2529  5.1    19  0.04  0.01   218
 258  0.295  0.503  46771  3.2e+14   667  1.3    22  0.12  0.01   323
 259  0.215  0.742  47025  1.6e+13   243  0.5     9  0.87  0.02   120
 260  0.479  0.645  29791  9.2e+14   948  2.0   289  0.09  0.00   445
 261  0.514  0.451  38991  6.7e+13   394  0.8    38  0.35  0.01   296
 262  0.218  0.452  47049  1.4e+14   503  1.0    34  0.37  0.01   126
 263  0.895  0.772  26337  7.5e+13   407  0.8    18  0.43  0.01    90
 264  0.448  0.325  29970  3.5e+13   315  0.7    24  0.22  0.01   149
 265  0.779  0.642  34302  3.0e+13   301  0.6    19  0.32  0.01   104
 266  0.232  1.002  10827  4.8e+13   347  0.7    15  1.12  0.01    20
 267  0.581  0.625  40158  1.0e+14   454  0.9    41  0.41  0.01   141
 268  0.904  0.087  38576  2.0e+14   567  1.2    56  0.15  0.01   214
 269  1.147  0.540  36379  4.4e+13   343  0.7    19  0.22  0.01   128
 270  1.370  1.174  44642  2.3e+14   595  1.2    58  0.27  0.01   143
 271  1.054  0.045  32174  1.0e+14   451  0.9    24  0.15  0.01   241
 272  1.449  0.109  32990  2.2e+14   590  1.2    15  0.53  0.01   162
 273  0.826  0.768  46002  1.3e+14   495  1.0    33  0.21  0.01   231
 274  0.008  0.597  24641  1.6e+14   525  1.1    36  0.45  0.01    99
 275  0.598  0.021  12398  8.1e+13   415  0.9    22  0.41  0.01    46
 276  1.507  1.085  31388  1.3e+14   490  1.0    29  0.47  0.01    85
 277  0.459  0.322  35052  7.0e+13   398  0.8    26  0.34  0.01   119
 278  0.798  0.460  45827  3.4e+13   316  0.6    10  0.82  0.01    93
 279  0.290  0.994  28578     -1      -1   -1    -1    -1    -1    93
 280  0.825  0.553  15232  9.2e+13   434  0.9    31  0.27  0.01    70
 281  0.470  0.333  41626  1.3e+14   488  1.0    33  0.19  0.01   189
 282  0.473  0.980  22469  1.2e+14   470  1.0    17  0.37  0.01    25
 283  0.815  1.382  28041  9.9e+13   448  0.9    38  0.28  0.01    65
 284  0.859  0.015  18680  1.7e+14   532  1.1    37  0.38  0.01    73
 285  0.264  0.164  40784  3.9e+14   714  1.5   141  0.07  0.01   465
 286  1.202  0.504  42276  1.3e+14   489  1.0    39  0.20  0.01   194
 287  0.283  0.949  36330  9.9e+13   449  0.9    30  0.32  0.01   105
 288  1.153  0.458  47009  1.2e+14   476  1.0    17  0.33  0.01   127
 289  1.134  0.209  20938  5.7e+13   370  0.8    20  0.82  0.01    81
 290  0.742  0.586  36199  4.6e+13   347  0.7    19  0.37  0.01   144
 291  0.965  0.650  49087     -1      -1   -1    -1    -1    -1   176
 292  0.701  0.502  38934  2.0e+14   565  1.2    68  0.18  0.01   142
 293  1.489  0.133  34391  6.8e+13   395  0.8    32  0.20  0.01   167
 294  0.210  0.687  26064  5.2e+14   782  1.6   208  0.09  0.01   346
 295  1.518  0.197  48978  7.6e+13   413  0.8    12  0.52  0.01   315
 296  1.562  0.160  44460  1.2e+14   474  1.0    20  0.14  0.01   272
 297  0.867  0.934  22554  2.3e+14   593  1.2    51  0.12  0.01    88
 298  0.156  0.691  28712  1.6e+14   524  1.1    41  0.17  0.01   116
 299  0.720  1.143  42038  1.4e+14   504  1.0    21  0.41  0.01    38
 300  0.211  1.171  45276  4.6e+12   161  0.3     4  1.01  0.02   133
 301  0.773  0.101  40032  1.5e+14   520  1.1    80  0.13  0.01   293
 302  1.178  1.274  26076  8.5e+13   424  0.9    28  0.12  0.01   121
 303  1.300  1.321  24774  5.5e+13   367  0.8    16  0.22  0.01    58
 304  1.287  0.896  46612  3.4e+13   315  0.6     2  0.61  0.01   313
 305  1.121  0.013  36708  5.7e+13   373  0.8    32  0.29  0.01   151
 306  0.132  0.243  38125  6.8e+13   396  0.8    29  0.16  0.01   335
 307  0.006  0.319  47821  7.5e+13   411  0.8    25  0.15  0.01   140
 308  1.539  0.119  44145  1.3e+14   497  1.0    47  0.17  0.01   297
 309  1.360  1.001  40572  2.7e+13   289  0.6    13  0.88  0.01    83
 310  0.408  0.248  46679  1.0e+14   460  0.9    50  0.26  0.01   329
 311  0.629  0.017  22919  1.6e+13   243  0.5    14  1.03  0.02    62
 312  1.563  0.531  40777  1.2e+14   481  1.0    45  0.14  0.01   135
 313  0.448  0.480  37873  5.2e+15  1699  3.5    20  0.06  0.01   111
 314  0.391  0.674  29871     -1      -1   -1    -1    -1    -1   156
 315  0.005  1.092  44860  1.2e+14   484  1.0    45  0.49  0.01   137
 316  0.688  1.217  32448  2.0e+14   572  1.2    44  0.45  0.01   136
 317  0.729  0.768  35110  3.0e+14   649  1.3    69  0.35  0.01   151
 318  0.546  0.788  42415  4.9e+13   356  0.7    19  0.37  0.01   185
 319  0.394  0.037  37864  7.4e+13   408  0.8    20  0.37  0.01   227
 320  0.426  0.547  46254  1.4e+14   511  1.0    52  0.13  0.01   228
 321  0.193  0.750  25188  3.2e+13   304  0.6    14  1.05  0.01    35
 322  1.363  1.509  44468  3.6e+13   320  0.7    31  0.41  0.01    39
 323  0.599  1.080  43161  1.7e+14   541  1.1    58  0.27  0.01   125
 324  0.930  0.772  39142  3.1e+13   305  0.6    22  0.47  0.01   116
 325  0.365  1.379  11867  1.3e+14   491  1.0    28  0.14  0.01    33
 326  1.046  0.401  47426  5.5e+13   370  0.8    15  0.64  0.01   187
 327  0.958  0.188  33875  9.3e+13   439  0.9    29  0.25  0.01   204
 328  0.139  0.692  44374  4.1e+13   336  0.7    21  0.28  0.01   270
 329  0.082  1.116  45266  6.1e+13   384  0.8    29  0.30  0.01    99
 330  0.155  1.145  44912  2.8e+14   641  1.3   140  0.17  0.01   224
 331  0.795  0.092  42034  7.1e+12   186  0.4     5  0.79  0.02   337
 332  1.367  0.898  45249  1.8e+14   552  1.1    57  0.32  0.01   216
 333  0.221  0.194  39566  3.6e+13   320  0.7    14  0.53  0.01   535
 334  0.284  0.531  45894  4.1e+13   334  0.7    18  0.18  0.01   345
 335  0.501  1.296  48562  4.0e+13   333  0.7    13  0.89  0.01    56
 336  1.076  0.772  44103  1.6e+14   532  1.1    49  0.21  0.01   188
 337  0.951  0.417  44418  6.2e+13   384  0.8    25  0.46  0.01   169
 338  0.036  0.427  30371  1.9e+14   555  1.1    40  0.15  0.01   178
 339  1.355  1.257  24427  1.8e+14   549  1.1    50  0.27  0.01   102
 340  0.317  0.214  40918     -1      -1   -1    -1    -1    -1   148
 341  0.021  0.724  27314  6.6e+13   390  0.8    27  0.20  0.01    88
 342  0.374  0.359  34447  2.4e+14   605  1.2    67  0.19  0.01   211
 343  0.133  0.325  33726     -1      -1   -1    -1    -1    -1    55
 344  1.453  0.061  45334  4.2e+13   338  0.7    12  0.66  0.01   206
 345  1.168  0.254  49523  2.5e+13   285  0.6     3  0.69  0.01   233
 346  0.450  1.133  46064  1.6e+13   247  0.5    12  0.92  0.02    90
 347  0.146  0.641  34937  8.5e+13   426  0.9    24  0.28  0.01   105
 348  0.420  0.973  33325  1.3e+14   486  1.0    45  0.28  0.01   120
 349  0.631  0.763  38550  8.9e+13   434  0.9    32  0.27  0.01   121
 350  1.542  0.178  46442  5.6e+13   373  0.8    25  0.18  0.01   464
 351  0.277  0.971  29145     -1      -1   -1    -1    -1    -1    96
 352  1.316  1.337  36198  6.5e+13   390  0.8    16  0.41  0.01    47
 353  0.839  0.151  30489     -1      -1   -1    -1    -1    -1   115
 354  0.394  0.089  37062     -1      -1   -1    -1    -1    -1   153
 355  1.105  0.466  24906  8.8e+13   429  0.9    21  0.24  0.01    75
 356  0.930  0.941  42705  3.1e+13   304  0.6    17  0.38  0.01   110
 357  1.056  0.662  44564  1.5e+13   236  0.5    14  0.99  0.02    68
 358  1.456  0.884  29934  2.5e+13   283  0.6    13  1.03  0.01    43
 359  0.134  0.749  42728     -1      -1   -1    -1    -1    -1    88
 360  0.243  1.307  31790  3.6e+13   318  0.7    24  0.72  0.01    42
 361  0.922  0.793  33004  4.8e+13   351  0.7    23  0.49  0.01    55
 362  1.495  0.464   6260  1.8e+14   537  1.2    44  0.15  0.01    57
 363  1.070  0.161  30950  1.6e+14   530  1.1    75  0.29  0.01   245
 364  0.727  0.091  49128  2.3e+13   278  0.6    14  0.73  0.01   193
 365  0.687  0.278  49299  4.1e+13   336  0.7    33  0.20  0.01   173
 366  1.505  0.264  33724  3.1e+14   655  1.3    87  0.11  0.01   380
 367  0.238  0.165  25324  1.1e+14   468  1.0    38  0.17  0.01   132
 368  0.268  0.289  45249  6.6e+14   853  1.7    14  0.29  0.01   434
 369  0.551  0.229  26916  1.4e+14   499  1.0    36  0.25  0.01   156
 370  0.601  0.468  43697  3.9e+13   330  0.7    21  0.33  0.01   255
 371  0.960  0.014  32853  2.1e+13   266  0.6    10  0.78  0.01   176
 372  0.853  0.456  37560  3.5e+13   316  0.7    13  0.76  0.01   135
 373  1.543  0.516  49144  6.0e+13   381  0.8    22  0.21  0.01   165
 374  1.013  0.394  47097  7.7e+12   191  0.4    11  0.87  0.02   192
 375  0.815  0.955  32272  5.8e+13   375  0.8    26  0.32  0.01   106
 376  0.693  0.898  47950  4.5e+14   751  1.5   139  0.07  0.01   479
 377  0.495  0.108  36990  2.9e+14   647  1.3    88  0.17  0.01   348
 378  0.801  0.659  49525  7.4e+12   189  0.4     8  0.88  0.02   184
 379  1.475  1.203  39534  7.6e+13   412  0.8    24  0.68  0.01    59
 380  0.574  0.639  48181  2.9e+13   299  0.6     9  0.86  0.01    85
 381  1.527  0.288  34594  7.0e+13   399  0.8    21  0.16  0.01   293
 382  0.359  0.948  25633     -1      -1   -1    -1    -1    -1    66
 383  1.339  0.808  30559  1.2e+13   221  0.5    13  1.10  0.02    50
 384  1.234  0.729  38314  1.6e+14   522  1.1    51  0.21  0.01   236
 385  0.006  0.077  27197  4.0e+13   329  0.7    11  0.95  0.01    49
 386  0.143  0.702  32604  5.1e+13   359  0.7    15  0.72  0.01   135
 387  0.146  0.197  32021  9.6e+13   444  0.9    29  0.37  0.01   144
 388  0.706  0.354  45379  4.0e+13   333  0.7    21  0.19  0.01   210
 389  0.066  0.363  28305     -1      -1   -1    -1    -1    -1   164
 390  0.926  0.508  45431  1.8e+14   554  1.1    18  0.29  0.01   200
 391  1.023  1.247  46107  5.1e+13   362  0.7    21  0.29  0.01    82
 392  0.566  0.263  46617  3.8e+13   327  0.7    15  0.63  0.01   258
 393  0.829  1.186  34517  1.6e+14   524  1.1    40  0.37  0.01    58
 394  0.729  0.608  35955  6.1e+13   382  0.8    11  0.71  0.01   127
 395  0.970  0.568  46543  1.8e+15  1191  2.4    46  0.08  0.00   195
 396  1.541  0.278  20315  9.2e+12   200  0.4    10  1.20  0.02    40
 397  1.129  0.028  10227  7.0e+13   395  0.8    30  0.38  0.01    33
 398  1.192  0.127  43574  3.0e+13   301  0.6    19  0.21  0.01   263
 399  0.058  1.184  49675  1.9e+13   261  0.5    14  1.03  0.01    44
 400  1.069  0.203  31211  1.3e+14   490  1.0    38  0.30  0.01   136
 401  0.671  0.588  22326  5.4e+12   168  0.4     4  1.30  0.02    33
 402  0.930  1.086  30811  3.7e+13   321  0.7    21  0.45  0.01    45
 403  1.094  0.580  39126  1.6e+14   527  1.1    79  0.13  0.01   194
 404  1.269  0.116  43862     -1      -1   -1    -1    -1    -1   163
 405  1.398  0.934  38344  3.3e+13   312  0.6    15  0.77  0.01   130
 406  0.314  0.464  40186  7.7e+13   412  0.8    14  0.73  0.01    95
 407  0.730  0.171  38686  1.4e+14   507  1.0    73  0.16  0.01   287
 408  1.401  0.392  44064  4.0e+14   722  1.5   141  0.09  0.01   478
 409  0.342  0.958  28015     -1      -1   -1    -1    -1    -1    61
 410  1.215  0.401  43845  4.1e+13   334  0.7    11  0.80  0.01    93
 411  0.499  0.001  42678  4.4e+15  1609  3.2    48  0.08  0.01   117
 412  0.181  0.245  38173  2.6e+14   622  1.3    92  0.14  0.01   324
 413  0.800  0.580  49842  1.6e+13   246  0.5    14  0.86  0.02   125
 414  1.072  0.404  40090  9.1e+13   437  0.9    23  0.24  0.01   108
 415  0.385  1.300  22450  3.5e+13   314  0.7    14  1.14  0.01    21
 416  0.166  0.569  46323  2.1e+14   580  1.2    58  0.26  0.01   208
 417  0.387  0.146  36710  1.4e+14   507  1.0    10  0.55  0.01   186
 418  0.300  0.077  39748  1.2e+14   473  1.0    25  0.28  0.01   134
 419  1.425  0.835  31447  5.6e+13   370  0.8    17  0.23  0.01    61
 420  0.078  0.882  32548  8.7e+13   428  0.9    21  0.18  0.01   117
 421  0.349  0.486  47115  5.8e+13   376  0.8    23  0.18  0.01   188
 422  0.396  1.026  45738  1.9e+14   557  1.1    84  0.19  0.01   216
 423  0.216  0.882  35728  1.6e+13   242  0.5     8  1.01  0.02    62
 424  0.069  1.173  35161  8.0e+13   417  0.9    16  0.36  0.01    56
 425  0.612  0.668  40040  1.4e+14   503  1.0    40  0.18  0.01   196
 426  0.106  0.938  23493  4.2e+13   333  0.7    17  0.63  0.01    74
 427  0.283  0.520  46040  1.0e+14   459  0.9    45  0.13  0.01   397
 428  1.171  0.252  49469  1.0e+13   212  0.4    15  0.80  0.02   234
 429  0.315  0.301  44405  1.4e+14   507  1.0    41  0.16  0.01   218
 430  0.878  1.028  25733  1.3e+14   495  1.0    40  0.64  0.01   107
 431  0.462  0.323  41570  4.0e+13   332  0.7    10  0.69  0.01   186
 432  0.631  0.066  41241  8.9e+13   435  0.9    46  0.17  0.01   287
 433  0.977  0.216  33919  2.4e+14   601  1.2   111  0.11  0.01   382
 434  0.865  0.838  24647  8.9e+12   199  0.4     7  1.12  0.02    56
 435  0.411  0.587  32611  1.2e+14   476  1.0    30  0.27  0.01   141
 436  0.282  0.530  24690  1.5e+14   512  1.1    51  0.13  0.01   108
 437  0.461  0.089  36750  1.1e+14   464  1.0    32  0.43  0.01   208
 438  0.167  1.027  46929     -1      -1   -1    -1    -1    -1    94
 439  0.435  0.339  40867  1.9e+14   558  1.1    69  0.24  0.01   255
 440  0.180  0.801  39935  4.4e+13   342  0.7    13  0.86  0.01    67
 441  0.692  0.387  44667  1.9e+14   560  1.1    89  0.17  0.01   373
 442  0.838  0.742  45828  1.3e+14   495  1.0    16  0.15  0.01   211
 443  1.343  0.123  32547  4.6e+13   345  0.7    48  0.28  0.01   130
 444  0.072  0.592  34893  1.4e+14   500  1.0    43  0.49  0.01   131
 445  1.498  0.058  49021  8.7e+13   432  0.9    17  0.14  0.01   187
 446  0.551  0.355  44774  1.4e+14   506  1.0    42  0.17  0.01   293
 447  0.861  0.165  27273  6.3e+13   385  0.8    21  0.34  0.01    78
 448  1.198  0.533  39468  1.6e+13   241  0.5    16  0.40  0.02    91
 449  0.528  0.622  40868  1.2e+14   476  1.0    47  0.17  0.01   452
 450  0.987  0.667  49102  7.9e+13   418  0.8    32  0.19  0.01   177
 451  0.988  1.188  40627  2.6e+14   624  1.3    99  0.31  0.01   210
 452  1.441  0.094  45012  6.4e+13   390  0.8    35  0.26  0.01   220
 453  0.757  0.209  38316  1.1e+14   466  1.0    45  0.23  0.01   199
 454  0.803  0.522  24314  2.3e+14   589  1.2    78  0.37  0.01   182
 455  1.426  0.206  43007  1.5e+14   520  1.1    17  0.20  0.01   211
 456  0.026  1.183  33916  1.6e+14   528  1.1    56  0.22  0.01   108
 457  0.713  0.713  48581  9.1e+13   440  0.9    38  0.17  0.01   241
 458  0.460  1.425  41135  1.8e+14   547  1.1    73  0.17  0.01   111
 459  0.194  1.053  45291  1.3e+14   489  1.0    36  0.22  0.01   164
 460  0.986  0.147  31939  3.1e+14   658  1.4   118  0.17  0.01   212
 461  0.021  0.106  26978  2.0e+14   567  1.2    59  0.23  0.01   142
 462  0.408  0.120  40214  8.3e+13   425  0.9    44  0.21  0.01   247
 463  0.398  0.484  37408  1.1e+14   465  1.0    38  0.44  0.01   136
 464  0.337  0.300  47883  8.2e+13   424  0.9    29  0.14  0.01   277
 465  0.293  0.309  44640  4.1e+13   334  0.7    25  0.22  0.01   190
 466  0.028  0.336  41942  8.5e+13   427  0.9    48  0.14  0.01   236
 467  1.178  0.518  29551  4.6e+14   748  1.5   126  0.09  0.01   344
 468  0.704  0.459  24768  3.1e+14   653  1.4    98  0.13  0.01   142
 469  1.254  0.101  44024  1.3e+14   488  1.0    48  0.35  0.01   228
 470  1.501  0.681  41537  1.9e+14   563  1.1    61  0.18  0.01   137
 471  0.301  0.026  48676  1.3e+14   496  1.0    38  0.45  0.01   190
 472  0.961  0.505  29160  1.8e+14   546  1.1    81  0.18  0.01   212
 473  0.113  0.474  49130  1.0e+14   459  0.9    52  0.21  0.01   210
 474  0.631  0.216  42445  1.9e+14   560  1.1    74  0.22  0.01   242
 475  0.240  1.153  45328  1.5e+14   518  1.1    63  0.23  0.01   167
 476  1.438  1.062  13610  2.2e+14   578  1.2    66  0.13  0.01    83
 477  1.255  0.614  24583  2.8e+14   632  1.3   123  0.11  0.01   223
 478  1.069  0.176  30990  1.1e+14   464  1.0    35  0.25  0.01   272
 479  0.039  0.029  25868  8.7e+13   427  0.9    24  0.47  0.01    73
 480  0.867  0.420  21216  2.6e+14   613  1.3    68  0.23  0.01   191
 481  0.440  0.451  36029  1.8e+14   544  1.1    46  0.20  0.01   220
 482  0.785  0.666  49555  1.4e+14   507  1.0    49  0.19  0.01   175
 483  0.464  0.583  29802  1.9e+14   561  1.2    39  0.20  0.01   107
 484  1.498  0.159  44635  1.7e+14   543  1.1    48  0.21  0.01   218
 485  1.081  0.244  33272  1.7e+14   536  1.1    62  0.25  0.01   263
 486  0.740  0.775  41140  4.1e+14   723  1.5   107  0.13  0.01   238
 487  0.782  0.100  36265  1.4e+14   509  1.0    40  0.18  0.01   217
 488  0.112  0.710  38335  8.1e+13   420  0.9    49  0.22  0.01   217
 489  0.869  0.155  40803  2.0e+14   566  1.2    55  0.36  0.01   272
 490  0.341  0.602  48797  9.9e+13   451  0.9    27  0.34  0.01   147
 491  0.980  1.213  45540  2.7e+14   633  1.3    80  0.19  0.01   186
 492  0.263  0.039  49224  9.2e+13   441  0.9    52  0.29  0.01   320
 493  0.288  0.562  43284  4.8e+13   354  0.7    24  0.25  0.01   306
 494  0.461  0.147  46832  1.3e+14   501  1.0    60  0.15  0.01   234
 495  1.528  0.920  49674  9.2e+13   441  0.9    45  0.48  0.01   157
 496  0.855  0.011  47272  1.5e+14   517  1.0    52  0.17  0.01   402
 497  0.630  0.818  36365  1.9e+14   563  1.2    64  0.23  0.01   225
 498  1.024  0.600  47755     -1      -1   -1    -1    -1    -1   109
 499  0.930  1.320  26591  2.4e+14   604  1.3    64  0.17  0.01   103
 500  1.070  1.425  46711  1.4e+14   503  1.0    63  0.18  0.01   106
 501  0.099  0.589  35046     -1      -1   -1    -1    -1    -1    70
 502  1.556  0.011  49065  1.7e+14   537  1.1    71  0.36  0.01   196
 503  0.866  0.789  39472  1.4e+14   506  1.0    35  0.37  0.01   207
 504  0.384  0.086  37165  5.0e+13   358  0.7    27  0.31  0.01   112
 505  0.269  0.537  32067  1.7e+14   539  1.1    58  0.15  0.01   156
 506  0.264  0.879  29984  1.3e+14   492  1.0    30  0.30  0.01    69
 507  1.567  0.192  46383  3.1e+14   661  1.3   112  0.16  0.01   254
 508  1.060  0.421  47663  2.2e+14   590  1.2    79  0.19  0.01   177
 509  1.506  1.225  40515  1.6e+14   533  1.1    62  0.24  0.01   181
 510  0.753  0.387  45267  8.7e+13   432  0.9     4  0.50  0.01   336
 511  0.055  0.018  45139  1.0e+14   459  0.9    38  0.49  0.01   265
 512  1.409  0.075  33964  8.5e+13   426  0.9    27  0.14  0.01   126
 513  0.014  0.613  44756  1.6e+14   533  1.1    62  0.17  0.01   166
 514  0.307  0.725  35358  3.5e+14   685  1.4    62  0.12  0.01   301
 515  0.266  0.014  31598  9.8e+13   447  0.9    30  0.50  0.01   108
 516  0.126  0.088  48922  1.0e+14   454  0.9    46  0.34  0.01   210
 517  1.375  0.789  24538  1.6e+14   522  1.1    32  0.24  0.01    75
 518  1.445  0.117  33178  2.1e+14   578  1.2     6  0.50  0.01   207
 519  1.098  0.784  19519  1.7e+14   535  1.1    48  0.40  0.01    82
 520  0.631  0.261  33920  5.9e+13   377  0.8    23  0.27  0.01   171
 521  1.032  0.562  41117  1.3e+14   498  1.0    58  0.17  0.01   241
 522  0.643  0.246  42769  4.8e+13   352  0.7    25  0.25  0.01   245
 523  0.466  0.219  45767  1.1e+14   466  0.9    56  0.15  0.01   359
 524  1.158  0.199  45044  3.0e+14   657  1.3   121  0.10  0.01   350
 525  0.792  0.607  38069  1.0e+14   455  0.9    36  0.29  0.01   126
 526  1.398  1.183  44756  1.6e+14   528  1.1    51  0.23  0.01   101
 527  0.253  0.141  34543  1.4e+14   504  1.0    48  0.43  0.01   217
 528  1.530  0.730  24166  3.7e+14   694  1.4   116  0.13  0.01   161
 529  1.219  1.255  26626  3.9e+14   711  1.5   139  0.09  0.01   230
 530  1.055  0.317  32011  1.4e+14   501  1.0    30  0.23  0.01   132
 531  1.377  0.221  37307  2.4e+14   608  1.2    42  0.20  0.01   114
 532  0.649  0.823  35373  7.3e+13   404  0.8    37  0.18  0.01   332
 533  0.893  0.435  32145  1.5e+14   517  1.1    28  0.33  0.01   136
 534  1.111  0.404  49776  5.5e+13   371  0.7    35  0.13  0.01   515
 535  1.216  1.245  26661  1.4e+14   507  1.1    50  0.13  0.01   235
 536  0.141  0.125  39684  1.3e+14   492  1.0    34  0.35  0.01   235
 537  0.954  0.163  32981  1.4e+14   501  1.0    57  0.12  0.01   564
 538  0.281  0.033  29038  1.6e+14   523  1.1    45  0.26  0.01   127
 539  1.092  0.554  27375  1.8e+14   547  1.1    68  0.18  0.01   153
 540  0.388  0.549  35285  1.7e+14   534  1.1    47  0.20  0.01   194
 541  0.499  0.055  49651  6.3e+13   389  0.8    22  0.21  0.01   140
 542  0.915  0.012  32418  6.5e+13   388  0.8    28  0.47  0.01   116
 543  1.210  0.817  23993  5.9e+13   375  0.8    37  0.36  0.01   154
 544  1.268  0.192  48649  1.0e+14   457  0.9    35  0.12  0.01   303
 545  0.032  0.105  43882  5.4e+13   368  0.7    28  0.24  0.01   186
 546  0.219  0.110  35154  1.4e+14   501  1.0    51  0.40  0.01   209
 547  0.550  0.078  33390  1.6e+14   527  1.1    69  0.24  0.01   194
 548  0.813  0.127  29567  4.7e+13   349  0.7    25  0.46  0.01   133
 549  0.563  0.373  45253  1.5e+14   515  1.0    73  0.20  0.01   346
 550  0.706  0.995  39846  9.6e+13   445  0.9    34  0.44  0.01   165
 551  0.563  0.266  25125  2.0e+14   564  1.2    64  0.21  0.01   169
 552  0.627  1.191  49518  6.0e+13   382  0.8    29  0.34  0.01    98
 553  0.084  0.255  45346  2.7e+14   635  1.3    73  0.14  0.01   257
 554  0.229  0.203  40937  2.5e+14   616  1.3    17  0.08  0.01   491
 555  1.284  0.521  40043  8.3e+13   424  0.9    34  0.25  0.01   181
 556  0.858  0.015  47332  1.6e+14   534  1.1    75  0.14  0.01   463
 557  0.600  0.755  40889  8.2e+13   422  0.9    45  0.17  0.01   207
 558  0.074  0.240  37607  7.0e+13   400  0.8    49  0.22  0.01   221
 559  0.930  1.190  40936  9.7e+13   446  0.9    30  0.33  0.01   116
 560  1.544  0.173  46085  1.5e+14   514  1.0    40  0.12  0.01   504
 561  1.418  1.094  47955  6.3e+13   388  0.8    35  0.15  0.01   324
 562  0.390  0.215  47622  1.3e+14   491  1.0    28  0.15  0.01   312
 563  0.646  0.292  49212  1.1e+14   467  0.9    48  0.12  0.01   222
 564  0.609  0.414  43933  9.0e+13   437  0.9    32  0.26  0.01   176
 565  1.507  0.004  46503  1.1e+14   469  1.0    33  0.31  0.01   125
 566  0.087  0.113  22024  8.3e+13   419  0.9    29  0.43  0.01    67
 567  0.923  0.191  29617  1.2e+14   477  1.0    37  0.30  0.01   114
 568  0.463  0.165  36380  1.1e+14   463  1.0    31  0.30  0.01   144
 569  0.820  0.210  38833  5.7e+13   373  0.8    36  0.28  0.01   199
 570  1.115  0.402  49866  1.5e+14   518  1.0    65  0.10  0.01   493
 571  0.990  0.360  48516  2.1e+14   581  1.2    79  0.11  0.01   240
 572  1.303  0.900  46292  2.7e+15  1376  2.8    26  0.03  0.01   656
 573  0.637  0.078  49126  2.1e+14   577  1.2    79  0.06  0.01   337
 574  1.291  0.337  44613  7.1e+13   403  0.8    30  0.26  0.01   172
 575  1.091  0.235  49508  2.0e+13   262  0.5    23  0.31  0.01   216
 576  1.235  0.316  40836  5.2e+13   362  0.7    27  0.23  0.01   306
 577  0.346  1.104  45378  1.2e+14   475  1.0    32  0.30  0.01    97
 578  1.154  1.011  30890  6.5e+13   390  0.8    31  0.29  0.01    76
 579  1.238  0.286  49056  2.1e+14   578  1.2    66  0.07  0.01   338
 580  1.298  1.192  47082  4.8e+13   354  0.7    24  0.55  0.01    88
 581  0.868  0.612  14880  1.4e+14   497  1.1    36  0.29  0.01    69
 582  0.851  0.779  39548  8.4e+13   425  0.9    25  0.29  0.01   215
 583  0.717  0.233  42618  8.5e+13   428  0.9    34  0.19  0.01   189
 584  1.042  0.910  20031  9.1e+13   433  0.9    30  0.17  0.01   164
 585  0.050  1.379  48265  7.4e+13   410  0.8    37  0.23  0.01    97
 586  0.219  1.154  45326  1.5e+14   513  1.0    38  0.34  0.01   130
 587  0.847  1.106  32626  2.2e+14   588  1.2    78  0.23  0.01   196
 588  1.307  0.912  45987  5.5e+14   800  1.6   133  0.08  0.01   366
 589  0.562  1.180  32246  3.1e+14   659  1.4   142  0.09  0.01   221
 590  0.952  0.024  48463  1.5e+14   518  1.0    59  0.13  0.01   230
 591  0.720  0.455  24862     -1      -1   -1    -1    -1    -1   111
 592  0.918  1.309  35177  1.2e+14   475  1.0    51  0.30  0.01    91
 593  0.491  0.218  45464  1.5e+14   520  1.1    48  0.26  0.01   279
 594  0.263  0.253  45130  3.9e+13   331  0.7    25  0.30  0.01   289
 595  0.520  0.454  31348  1.9e+14   553  1.1    53  0.40  0.01   180
 596  0.154  0.087  32032  1.5e+14   510  1.1    45  0.35  0.01   138
 597  0.803  0.094  42041  1.2e+14   474  1.0    41  0.17  0.01   307
 598  0.282  0.493  48002  3.2e+14   671  1.4    39  0.11  0.01   263
 599  1.303  0.599  24661  1.1e+14   469  1.0    21  0.19  0.01   119
 600  0.256  0.947  48916  4.5e+13   346  0.7    29  0.36  0.01   147
 601  0.603  0.265  45121  2.0e+14   573  1.2    55  0.18  0.01   229
 602  1.011  0.628  47690  1.9e+14   558  1.1    49  0.13  0.01   302
 603  0.869  0.795  33665  1.2e+14   476  1.0    27  0.34  0.01   112
 604  0.693  0.305  34760  2.3e+14   599  1.2    35  0.17  0.01   223
 605  0.189  0.103  48065  1.1e+14   469  0.9    47  0.39  0.01   217
 606  1.156  0.089  42058  7.8e+13   416  0.8    31  0.23  0.01   169
 607  0.119  0.442  48594  7.7e+13   414  0.8    32  0.10  0.01   259
 608  1.447  0.127  33296  8.4e+13   424  0.9    34  0.25  0.01   172
 609  1.213  0.597   7907  6.4e+13   383  0.8    28  0.21  0.01    49
 610  0.265  0.964  30208  2.4e+14   599  1.2    96  0.11  0.01   191
 611  0.599  0.100  41904  9.7e+13   446  0.9    12  0.65  0.01   124
 612  0.493  0.440  39237  9.2e+13   439  0.9    37  0.23  0.01   228
 613  1.289  0.395  46608  7.5e+13   411  0.8    34  0.24  0.01   144
 614  0.474  0.079  36601  4.9e+13   355  0.7    29  0.44  0.01   221
 615  0.241  0.219  38104  1.2e+14   483  1.0    62  0.19  0.01   419
 616  0.098  0.160  38528  9.0e+13   436  0.9    43  0.24  0.01   183
 617  0.291  0.741  35515  1.3e+14   490  1.0    67  0.19  0.01   257
 618  1.472  1.129  36430  6.2e+13   384  0.8    33  0.36  0.01   140
 619  0.387  0.851  48744  1.5e+14   524  1.1    84  0.08  0.01   223
 620  1.202  1.339  35076  8.2e+13   421  0.9    50  0.23  0.01    95
 621  0.081  0.126  49560  9.1e+13   440  0.9    44  0.12  0.01   248
 622  1.027  0.459   1778  2.8e+14   630  1.4    33  0.26  0.01    33
 623  0.095  0.012  45401  5.7e+13   373  0.8    28  0.38  0.01   259
 624  0.516  0.313  43962  1.7e+14   537  1.1    47  0.24  0.01   224
 625  1.377  1.304  48818  9.0e+13   437  0.9    35  0.20  0.01    95
 626  0.124  0.779  33164  4.1e+13   334  0.7    32  0.46  0.01   182
 627  0.210  0.031  31305  9.8e+13   447  0.9    36  0.33  0.01   155
 628  0.470  0.371  33720  4.6e+13   346  0.7    24  0.60  0.01   102
 629  0.417  0.530  36607  1.5e+14   522  1.1    43  0.17  0.01   238
 630  0.854  0.936  45794  1.8e+14   550  1.1    43  0.23  0.01   156
 631  0.161  0.088  48285  5.2e+14   788  1.6   238  0.07  0.01   547
 632  0.413  0.547  46465  8.4e+13   427  0.9    33  0.15  0.01   220
 633  0.280  1.006  27860  7.6e+13   409  0.9    26  0.28  0.01    71
 634  0.363  0.535  44197  7.4e+13   408  0.8    30  0.27  0.01   201
 635  0.162  0.326  33805     -1      -1   -1    -1    -1    -1   176
 636  0.498  0.190  33801  1.1e+14   462  1.0    43  0.17  0.01   235
 637  0.263  0.184  39734  2.0e+14   566  1.2    71  0.12  0.01   324
 638  1.170  0.199  44913  5.8e+13   376  0.8    31  0.16  0.01   409
 639  0.457  0.672  27497  1.2e+14   483  1.0    29  0.14  0.01   155
 640  0.980  0.839  45101  9.6e+13   447  0.9    36  0.54  0.01   175
 641  0.123  0.769  47202  6.1e+13   384  0.8    32  0.31  0.01   204
 642  1.101  0.837  46472  7.0e+13   402  0.8    29  0.33  0.01   159
 643  0.975  1.033  31231  1.6e+12   112  0.2     3  1.32  0.02    65
 644  0.546  0.392  44236  1.7e+14   542  1.1    55  0.14  0.01   323
 645  1.038  1.014  22859  9.9e+13   446  0.9    26  0.23  0.01   105
 646  1.034  0.044  32233  3.7e+14   697  1.4   126  0.12  0.01   335
 647  1.560  0.670  24380  3.5e+14   684  1.4    99  0.15  0.01   206
 648  0.184  1.463  35346  1.9e+14   554  1.1    63  0.24  0.01   107
 649  0.453  0.670  27596  2.1e+14   574  1.2    38  0.11  0.01   175
 650  0.808  1.486  29319  4.1e+13   332  0.7    26  0.29  0.01    34
 651  0.900  1.055  22027  9.6e+13   441  0.9    38  0.39  0.01    67
 652  0.092  1.176  42673  2.0e+14   569  1.2    73  0.24  0.01   142
 653  1.254  0.446  43486  1.4e+14   508  1.0    40  0.28  0.01   191
 654  0.177  1.498  19585  8.8e+13   428  0.9    21  0.20  0.01    24
 655  1.164  0.859  37365  1.1e+14   462  0.9    34  0.28  0.01   140
 656  0.071  0.438  49477  3.9e+14   718  1.4   109  0.07  0.01   324
 657  1.537  0.424  30770  3.1e+12   139  0.3     9  1.09  0.02   129
 658  1.318  0.278  49985  1.7e+14   546  1.1    44  0.14  0.01   175
 659  0.058  0.532  35192  1.9e+14   561  1.2    70  0.18  0.01   194
 660  0.011  0.464  32751  1.1e+13   214  0.4     8  0.86  0.02   175
 661  1.426  0.382  43736  7.9e+13   417  0.9    32  0.31  0.01   237
 662  0.910  0.481  34757     -1      -1   -1    -1    -1    -1   116
 663  1.213  0.138  43533     -1      -1   -1    -1    -1    -1   155
 664  0.151  0.558  36551  1.8e+14   544  1.1    51  0.23  0.01   182
 665  0.106  0.731  44526  1.6e+14   534  1.1    45  0.16  0.01   226
 666  1.267  0.473  43734  5.0e+13   358  0.7    31  0.29  0.01   195
 667  0.498  0.264  17677  3.6e+14   689  1.5    93  0.23  0.01   127
 668  1.200  0.123  43380  2.4e+14   605  1.2   102  0.12  0.01   285
 669  0.737  0.520  36899     -1      -1   -1    -1    -1    -1   306
 670  1.505  0.197  49076  6.0e+13   381  0.8    53  0.30  0.01   278
 671  0.772  0.450  45110     -1      -1   -1    -1    -1    -1    98
 672  0.895  0.887  14261  1.9e+14   555  1.2    58  0.22  0.01   100
 673  0.355  0.205  34871  9.1e+13   436  0.9    32  0.32  0.01   190
 674  0.028  1.426   3208  6.5e+13   384  0.8    10  1.23  0.01    10
 675  1.017  0.867  16411  1.5e+14   517  1.1    32  0.36  0.01    63
 676  1.011  0.072  39070  6.8e+13   397  0.8    33  0.35  0.01   136
 677  1.275  0.216  41484  9.0e+13   436  0.9    54  0.30  0.01   265
 678  1.273  0.567  48258  6.0e+14   825  1.7    25  0.18  0.01   129
 679  1.023  0.816  47471  8.2e+13   424  0.9    32  0.22  0.01   138
 680  0.176  0.174  39528  3.0e+13   300  0.6    10  0.62  0.01   348
 681  0.470  0.257  41950  9.9e+13   450  0.9    60  0.20  0.01   250
 682  0.746  0.111  48375  8.5e+13   429  0.9    45  0.32  0.01   142
 683  1.018  1.013  46518  8.8e+13   434  0.9    46  0.43  0.01    95
 684  0.644  0.149  44093  1.0e+15   989  2.0    35  0.09  0.00   225
 685  0.051  0.387  30689  3.4e+14   677  1.4   104  0.18  0.01   216
 686  1.269  0.492  38660  8.1e+13   419  0.9    34  0.24  0.01   214
 687  1.530  1.137  36166  3.2e+14   668  1.4    92  0.24  0.01   176
 688  0.760  1.272  28786  6.8e+13   394  0.8    35  0.47  0.01    62
 689  0.428  0.969  32948     -1      -1   -1    -1    -1    -1    56
 690  1.557  0.149  44358  4.2e+13   338  0.7    29  0.31  0.01   327
 691  0.594  0.890  27657  3.2e+13   306  0.6    25  0.67  0.01    64
 692  0.053  1.112  44796  8.1e+13   422  0.9    34  0.20  0.01   141
 693  0.140  0.248  38167  3.8e+14   707  1.4   100  0.11  0.01   320
 694  1.225  0.296  49008  1.4e+14   508  1.0    42  0.15  0.01   419
 695  0.599  0.517  38710  4.8e+13   353  0.7    29  0.39  0.01   141
 696  1.257  0.329  40613  5.6e+13   372  0.8    35  0.33  0.01   183
 697  1.014  1.035  31152  1.4e+14   501  1.0    32  0.62  0.01    67
 698  0.145  1.377  36451  7.8e+13   414  0.9    36  0.22  0.01    59
 699  0.807  1.050  24718  9.2e+13   436  0.9    36  0.35  0.01    80
 700  1.527  0.173  46652  9.7e+13   448  0.9    51  0.14  0.01   367
 701  0.281  0.981  29333  1.8e+14   543  1.1    35  0.39  0.01   118
 702  0.576  1.154  43513  7.3e+13   406  0.8    28  0.11  0.01   101
 703  1.136  0.512  38102  2.5e+13   284  0.6    20  0.38  0.01   203
 704  0.085  0.850  43988  4.5e+13   345  0.7    28  0.24  0.01   160
 705  0.486  0.274  27700  2.0e+14   566  1.2    55  0.20  0.01   169
 706  0.725  0.529  36726  1.4e+14   506  1.0    14  0.51  0.01   242
 707  1.242  0.636  41548  1.1e+14   459  0.9    36  0.35  0.01   162
 708  1.113  0.421  24942  2.2e+14   581  1.2    45  0.08  0.01   147
 709  1.431  0.607  32193  5.2e+13   361  0.7    33  0.32  0.01   226
 710  0.041  0.555  24345  1.0e+14   447  0.9    43  0.42  0.01    91
 711  0.191  1.141  22676  9.8e+13   445  0.9    42  0.31  0.01    66
 712  1.061  0.919  46482  1.6e+14   529  1.1    36  0.26  0.01   189
 713  1.134  0.398  42158  1.0e+14   457  0.9    38  0.35  0.01   134
 714  0.300  0.224  41106  1.4e+14   503  1.0    72  0.38  0.01   197
 715  0.597  0.029  41908  2.2e+13   270  0.6    10  0.63  0.01   389
 716  1.386  1.067  46558  5.7e+13   374  0.8    26  0.20  0.01   203
 717  0.947  0.932  41526  1.5e+14   522  1.1    55  0.29  0.01   148
 718  0.112  0.806  36492  1.6e+14   526  1.1    37  0.24  0.01    85
 719  0.035  1.154  42131  2.0e+14   574  1.2    16  0.26  0.01    78
 720  0.468  0.220  45718  6.0e+13   380  0.8    43  0.18  0.01   365
 721  0.495  0.618  30062  2.3e+14   590  1.2    51  0.20  0.01   158
 722  1.025  0.447  43168  3.2e+14   669  1.4   125  0.14  0.01   298
 723  0.851  0.354  31274  9.4e+13   440  0.9    32  0.25  0.01   231
 724  0.262  0.250  35964  1.0e+14   455  0.9    50  0.25  0.01   230
 725  0.816  1.116  32776  9.1e+13   435  0.9    29  0.27  0.01    88
 726  0.771  0.775  40404  2.1e+14   577  1.2    81  0.23  0.01   214
 727  1.072  0.184  30908  1.2e+14   480  1.0    45  0.31  0.01   179
 728  0.062  0.275  48351  1.0e+14   454  0.9    35  0.31  0.01   210
 729  0.383  1.179  22647  1.6e+14   524  1.1    60  0.14  0.01   100
 730  0.158  0.737  33295  7.3e+13   404  0.8    28  0.35  0.01   174
 731  1.099  1.430  46980  9.3e+13   442  0.9    45  0.16  0.01   136
 732  0.207  0.260  35954  8.8e+13   431  0.9    35  0.20  0.01   286
 733  0.836  0.367  31339  2.0e+14   568  1.2    74  0.29  0.01   250
 734  1.387  0.477  44485  1.5e+14   518  1.1    43  0.23  0.01   240
 735  0.734  0.525  36741  2.0e+14   565  1.2    57  0.19  0.01   311
 736  0.021  0.202  48128  2.5e+14   618  1.2    73  0.19  0.01   268
 737  0.958  0.167  33011  1.5e+14   512  1.1    68  0.14  0.01   528
 738  0.142  0.541  46457  1.7e+14   537  1.1    63  0.20  0.01   220
 739  0.649  0.898  46528  1.6e+14   524  1.1    38  0.17  0.01   256
 740  1.319  0.543  47762  1.5e+14   518  1.0    53  0.16  0.01   171
 741  1.424  0.363  30123  8.9e+13   431  0.9    32  0.25  0.01   124
 742  0.802  0.425  45353  8.6e+13   430  0.9    35  0.24  0.01   263
 743  0.271  0.824  37730  1.2e+14   483  1.0    48  0.24  0.01   166
 744  0.160  0.391  47064  9.9e+13   451  0.9    43  0.26  0.01   224
 745  0.833  0.275  40203  3.0e+14   651  1.3   112  0.22  0.01   331
 746  1.376  1.057  46653  2.0e+14   573  1.2    57  0.12  0.01   239
 747  0.022  0.370  47003  1.4e+14   509  1.0    49  0.22  0.01   250
 748  0.271  0.045  49252  5.5e+13   371  0.8    31  0.36  0.01   357
 749  1.133  0.242  28510  2.1e+14   576  1.2    60  0.29  0.01   133
 750  1.547  0.901  11434  1.6e+14   516  1.1    38  0.28  0.01    41
 751  1.514  1.204  37428  9.1e+13   436  0.9    24  0.25  0.01    85
 752  0.131  0.795  33051  1.5e+14   512  1.1    40  0.24  0.01   167
 753  0.046  0.893  29351  1.1e+14   468  1.0    31  0.32  0.01    81
 754  0.978  0.850  20969  1.3e+14   491  1.0    38  0.39  0.01    77
 755  0.019  0.359  40972  1.5e+14   512  1.0    73  0.21  0.01   267
 756  1.398  0.180  43552  1.3e+13   228  0.5    19  0.40  0.02   226
 757  0.287  0.523  46054  8.5e+13   429  0.9    43  0.15  0.01   383
 758  0.042  0.110  43817  3.9e+13   329  0.7    29  0.22  0.01   198
 759  0.321  0.182  35731  2.8e+14   638  1.3    46  0.18  0.01   209
 760  0.249  0.519  35645  1.6e+14   527  1.1    81  0.38  0.01   201
 761  0.793  0.023  24053  4.1e+13   333  0.7    29  0.24  0.01   237
 762  0.863  0.658  34385  1.0e+14   455  0.9    48  0.25  0.01   186
 763  1.264  0.708  44834  1.4e+14   505  1.0    38  0.19  0.01   191
 764  1.501  0.965  40961  5.5e+13   369  0.8    33  0.41  0.01    81
 765  1.047  1.007  22898  7.0e+13   397  0.8    33  0.35  0.01   110
 766  1.300  0.551  34272  6.2e+13   383  0.8    27  0.36  0.01   195
 767  0.174  0.826  47733  5.6e+13   373  0.8    31  0.25  0.01   156
 768  0.762  0.644  49171  7.5e+13   411  0.8    44  0.13  0.01   132
 769  0.018  0.367  29446  1.3e+14   492  1.0    34  0.27  0.01    78
 770  1.278  0.226  41432  1.1e+14   466  1.0    40  0.25  0.01   267
 771  0.205  0.264  35933  6.2e+13   384  0.8    36  0.23  0.01   291
 772  0.641  1.411  49565  1.3e+14   498  1.0    25  0.24  0.01    74
 773  0.543  0.958  47744  5.5e+14   802  1.6   187  0.07  0.01   407
 774  0.467  0.796  39303  6.0e+13   379  0.8    25  0.57  0.01    93
 775  0.873  0.367  46197  9.6e+13   447  0.9    48  0.24  0.01   266
 776  0.264  0.364  38640  5.3e+12   168  0.3    10  1.05  0.02   102
 777  1.125  0.380  49837  2.4e+14   606  1.2    99  0.12  0.01   405
 778  0.163  0.104  48223  1.9e+14   561  1.1    48  0.12  0.01   472
 779  0.051  0.570  24431  3.8e+13   323  0.7    10  0.82  0.01   104
 780  1.247  0.541  33323  7.9e+13   415  0.9    28  0.24  0.01   154
 781  1.315  0.649  31530  6.8e+13   395  0.8    32  0.44  0.01   140
 782  0.866  0.114  41082  1.9e+14   564  1.2    72  0.17  0.01   403
 783  1.506  0.490  39920  1.5e+14   513  1.0    66  0.28  0.01   270
 784  0.705  0.209  40922  9.7e+13   446  0.9    32  0.23  0.01   135
 785  1.434  0.902  45293  8.2e+13   424  0.9    31  0.26  0.01   116
 786  0.536  0.363  44793  7.0e+13   401  0.8    33  0.20  0.01   321
 787  0.791  0.235  38558  5.9e+14   818  1.7    43  0.12  0.01   250
 788  0.864  0.005  47248  5.9e+13   379  0.8    38  0.26  0.01   342
 789  1.515  0.803  12704  1.9e+14   548  1.2    48  0.21  0.01    86
 790  1.481  0.093  29999  1.9e+14   560  1.2    64  0.20  0.01   123
 791  0.132  0.580  35671  5.8e+13   374  0.8    31  0.44  0.01   157
 792  1.055  0.427  23644  7.1e+13   400  0.8    33  0.32  0.01    72
 793  0.858  0.423  21268  1.7e+14   530  1.1    48  0.27  0.01   189
 794  0.043  0.778  38545  1.1e+14   463  0.9    40  0.23  0.01   138
 795  0.124  0.681  44531  1.4e+14   511  1.0    62  0.16  0.01   276
 796  0.388  0.147  49357  1.2e+14   486  1.0    36  0.17  0.01   186
 797  0.634  0.987  40980  6.4e+13   388  0.8    27  0.33  0.01   122
 798  0.987  0.735  14054  8.2e+13   416  0.9    31  0.20  0.01    76
 799  0.510  0.839  20409  1.1e+14   459  1.0    32  0.31  0.01    53
 800  0.888  0.872  26600  5.1e+13   357  0.7    26  0.47  0.01    73
 801  0.969  0.686  37022  1.4e+14   508  1.0    52  0.30  0.01   133
 802  1.385  0.382  43970  6.3e+13   386  0.8    38  0.17  0.01   433
 803  1.261  0.527  39979  1.1e+14   472  1.0    40  0.40  0.01   223
 804  0.533  0.787  27842  2.7e+14   628  1.3    50  0.39  0.01    86
 805  1.527  0.557  35486  2.7e+14   625  1.3    67  0.23  0.01   187
 806  1.063  0.024  35647  6.6e+13   392  0.8    25  0.29  0.01   114
 807  0.835  0.409  15097  5.2e+13   358  0.8    23  0.21  0.01    47
 808  1.320  0.572  47531  1.5e+14   521  1.1    52  0.17  0.01   347
 809  0.513  0.282  44789  8.6e+13   431  0.9    25  0.18  0.01   362
 810  0.144  0.206  23856  1.5e+14   511  1.1    35  0.16  0.01    76
 811  1.454  0.114  33213  1.6e+14   531  1.1    46  0.15  0.01   175
 812  0.037  0.811  40890     -1      -1   -1    -1    -1    -1    91
 813  1.450  0.183  40883  9.4e+13   442  0.9    40  0.19  0.01   214
 814  0.935  0.461  38579  1.7e+14   541  1.1    63  0.30  0.01   177
 815  0.911  1.086  37695  5.6e+13   370  0.8    28  0.54  0.01   107
 816  0.019  0.307  31077  3.0e+14   650  1.3    51  0.16  0.01   133
 817  1.255  0.539  25017  1.0e+14   449  0.9    33  0.24  0.01    98
 818  1.191  0.745  39464  1.1e+14   460  0.9    37  0.26  0.01    98
 819  1.191  0.109  43327  1.2e+14   476  1.0    27  0.13  0.01   311
 820  0.944  0.193  34031     -1      -1   -1    -1    -1    -1   175
 821  0.863  0.405  48509  1.0e+14   453  0.9    36  0.13  0.01   254
 822  1.525  0.007  46699  1.9e+14   565  1.1    73  0.20  0.01   188
 823  1.002  1.309  43608  7.4e+13   409  0.8    26  0.49  0.01    81
 824  0.886  0.400  32239  2.8e+14   634  1.3     6  0.49  0.01   177
 825  0.769  0.605  48280  1.0e+14   456  0.9    29  0.15  0.01   162
 826  0.480  0.318  45457  3.8e+13   328  0.7    30  0.25  0.01   132
 827  0.235  0.193  39442  1.5e+14   519  1.1     5  0.41  0.01   478
 828  0.743  0.400  44615  2.3e+14   602  1.2    90  0.11  0.01   386
 829  0.475  1.329  39117  1.4e+14   508  1.0    52  0.47  0.01    61
 830  0.487  0.666  29456  1.7e+14   540  1.1    13  0.54  0.01   186
 831  0.398  0.640  47018  4.7e+13   352  0.7    24  0.32  0.01   201
 832  0.838  0.408  45923  9.0e+13   437  0.9    39  0.19  0.01   194
 833  0.578  1.253  49899  8.7e+13   433  0.9    37  0.42  0.01    67
 834  0.327  0.556  42666  1.6e+14   531  1.1    52  0.18  0.01   387
 835  1.139  0.504  38168  2.3e+14   593  1.2    63  0.25  0.01   201
 836  0.010  0.547  48852  9.1e+13   440  0.9    53  0.19  0.01   149
 837  0.700  0.573  22643  5.5e+13   366  0.8    30  0.50  0.01    55
 838  1.028  1.059  44445  5.4e+13   367  0.7    30  0.52  0.01   108
 839  0.283  1.314  22283  6.2e+13   382  0.8    26  0.37  0.01    38
 840  1.444  0.598  32240  7.3e+13   405  0.8    37  0.35  0.01   222
 841  0.990  0.570  42639  6.7e+13   394  0.8    41  0.25  0.01   153
 842  0.709  0.230  46837  8.6e+13   430  0.9    34  0.18  0.01   164
 843  1.147  0.006  17337  1.5e+14   516  1.1    39  0.28  0.01    67
 844  0.958  1.093  37243  5.4e+13   366  0.8    25  0.31  0.01   133
 845  0.643  0.983  49101  1.7e+14   544  1.1    78  0.08  0.01   316
 846  0.343  0.550  42838  1.3e+14   497  1.0    37  0.15  0.01   337
 847  0.111  0.630  34081  7.4e+13   407  0.8    33  0.30  0.01   125
 848  0.092  0.701  44694  5.2e+13   362  0.7    33  0.41  0.01   184
 849  0.279  0.003  47860  1.8e+13   255  0.5     9  0.78  0.01   177
 850  0.386  0.619  44371  8.2e+13   422  0.9    39  0.19  0.01   155
 851  0.013  0.224  44007  2.6e+14   620  1.3    75  0.15  0.01   257
 852  0.522  0.276  44629  3.6e+13   322  0.7    21  0.20  0.01   324
 853  0.564  0.560  34937  5.8e+13   376  0.8    32  0.37  0.01   126
 854  0.836  0.363  46562  8.3e+13   426  0.9    28  0.19  0.01   149
 855  0.929  0.353  10840  1.0e+14   447  1.0    51  0.33  0.01    66
 856  0.507  0.684  37262  7.9e+13   415  0.9    33  0.45  0.01   125
 857  1.392  0.141  34379  5.2e+13   360  0.7    22  0.35  0.01    99
 858  1.182  0.205  35160  2.2e+14   586  1.2    60  0.22  0.01   199
 859  0.886  0.374  46205  1.0e+14   455  0.9    37  0.17  0.01   292
 860  0.904  0.271  40224  9.4e+13   441  0.9    41  0.32  0.01   151
 861  0.694  0.288  39759  1.2e+14   479  1.0    31  0.24  0.01   150
 862  0.184  0.898  31658  4.0e+13   331  0.7    26  0.42  0.01   106
 863  0.257  0.217  37776  6.6e+13   392  0.8    23  0.27  0.01   291
 864  1.433  1.111  49350  1.1e+14   474  1.0    48  0.09  0.01   914
 865  1.227  0.494  44570  8.8e+13   433  0.9    30  0.18  0.01   182
 866  0.717  0.116  44057  7.4e+13   409  0.8    48  0.25  0.01   185
 867  0.376  0.257  47335  7.3e+13   407  0.8    31  0.21  0.01   269
 868  1.243  0.523  40282  1.9e+14   560  1.1    51  0.26  0.01   220
 869  0.270  1.035  47893  1.4e+14   508  1.0    56  0.16  0.01   202
 870  0.381  1.187  43432  8.8e+13   433  0.9    32  0.16  0.01   129
 871  1.068  0.800  48304  6.2e+13   386  0.8    37  0.26  0.01   253
 872  0.911  1.187  39691  4.9e+13   355  0.7    19  0.35  0.01    92
 873  1.162  0.532  28614  2.7e+14   624  1.3   101  0.12  0.01   379
 874  0.173  1.286   4442  5.3e+13   359  0.8    18  0.27  0.01    19
 875  0.220  0.177  25316  1.0e+14   448  0.9    45  0.29  0.01   132
 876  0.209  0.510  34812  9.3e+13   440  0.9    48  0.23  0.01   212
 877  0.564  0.254  46509  5.7e+13   376  0.8    38  0.23  0.01   275
 878  0.973  0.830  38652  1.8e+14   554  1.1    56  0.29  0.01   130
 879  0.516  0.398  21011  7.3e+13   403  0.8    30  0.35  0.01    69
 880  0.536  0.622  40790  1.8e+14   550  1.1    90  0.15  0.01   453
 881  0.825  0.972  22491  1.2e+14   470  1.0    36  0.28  0.01    61
 882  1.251  1.353  34985  1.5e+14   516  1.1    31  0.49  0.01    79
 883  0.158  0.354  32985  2.3e+14   597  1.2    81  0.14  0.01   203
 884  0.258  0.247  45031  9.7e+13   448  0.9    38  0.21  0.01   319
 885  0.988  0.006  35406  1.4e+14   507  1.0    44  0.20  0.01   124
 886  0.422  0.688  29555  2.1e+14   577  1.2    17  0.22  0.01    64
 887  1.080  0.684  49879  1.0e+14   458  0.9    46  0.11  0.01   197
 888  1.262  0.306  41668  5.3e+13   364  0.7    27  0.38  0.01   171
 889  0.768  0.000  30574  1.0e+14   450  0.9    27  0.30  0.01    69
 890  0.667  0.853  25886  1.1e+14   463  1.0    34  0.57  0.01    89
 891  0.613  0.550  47882  6.7e+13   396  0.8    35  0.43  0.01   161
 892  0.193  0.186  39760  1.7e+14   540  1.1    54  0.13  0.01   438
 893  0.610  0.438  43902  9.8e+12   207  0.4    21  0.59  0.02   169
 894  0.793  0.410  45397  9.1e+13   438  0.9    27  0.17  0.01   267
 895  0.066  0.849  47663  6.1e+13   384  0.8    39  0.14  0.01   174
 896  0.522  0.021  42300  9.6e+13   445  0.9    32  0.21  0.01   242
 897  1.537  1.169  36831  1.6e+14   530  1.1    71  0.16  0.01   194
 898  1.562  0.797  12524  2.1e+14   575  1.2    54  0.21  0.01    71
 899  1.113  0.421  49577  9.1e+13   439  0.9    32  0.12  0.01   423
 900  1.295  1.384  37410  8.6e+13   427  0.9    36  0.65  0.01    65
 901  0.039  0.412  30671  6.0e+14   822  1.7     3  0.40  0.01   210
 902  0.484  0.664  29498  8.0e+13   417  0.9    51  0.29  0.01   216
 903  0.245  0.300  47315  2.7e+13   293  0.6    22  0.23  0.01   283
 904  0.101  0.128  49261  4.8e+13   355  0.7    25  0.09  0.01   190
 905  0.191  0.181  39757  2.0e+14   566  1.2    84  0.12  0.01   435
 906  0.077  0.474  48783  6.0e+13   382  0.8    41  0.18  0.01   255
 907  1.524  1.302  44816  1.3e+14   488  1.0    28  0.26  0.01    97
 908  1.458  0.917  45450  9.3e+13   442  0.9    24  0.34  0.01   133
 909  1.251  0.665  25147  7.0e+13   397  0.8    27  0.27  0.01    94
 910  0.268  0.301  47784  1.2e+14   487  1.0    35  0.13  0.01   365
 911  0.022  0.767  39866  1.0e+14   454  0.9    47  0.27  0.01   218
 912  0.493  0.135  36836  1.1e+14   462  1.0    34  0.23  0.01   303
 913  0.883  0.241  24720  1.1e+14   462  1.0    46  0.27  0.01   116
 914  0.980  0.205  20202  9.8e+13   444  0.9    29  0.39  0.01    63
 915  0.056  0.706  44826  1.3e+14   500  1.0    64  0.20  0.01   217
 916  1.179  0.647  42646  8.4e+13   425  0.9    32  0.54  0.01   109
 917  1.511  0.507  39924  1.2e+14   475  1.0    57  0.19  0.01   315
 918  0.017  1.187  18942  4.8e+13   350  0.7    35  0.28  0.01    69
 919  1.325  1.272  46969  1.2e+14   482  1.0    56  0.21  0.01   116
 920  1.569  0.105  18931  1.4e+14   500  1.1    17  0.25  0.01    55
 921  0.077  0.728  45307  8.6e+13   429  0.9    35  0.24  0.01   132
 922  0.421  0.231  46752  9.8e+13   449  0.9    59  0.17  0.01   408
 923  0.996  1.068  44287  5.1e+13   361  0.7    34  0.29  0.01   155
 924  0.985  0.631  29455  2.1e+14   575  1.2    55  0.31  0.01   140
 925  1.377  0.526  34049  1.1e+14   465  1.0    25  0.37  0.01   111
 926  0.405  0.325  40897  1.1e+14   471  1.0    84  0.14  0.01   393
 927  0.098  0.536  46502  5.0e+13   358  0.7    26  0.25  0.01   160
 928  0.314  1.194  48800  1.3e+14   494  1.0    49  0.10  0.01   149
 929  0.867  0.279  44538  8.2e+13   423  0.9    31  0.22  0.01   161
 930  0.391  0.381  35968  2.3e+13   276  0.6    19  0.28  0.01   218
 931  1.338  0.644  31433  1.6e+14   525  1.1    53  0.23  0.01   185
 932  1.533  0.301  36789  1.0e+14   454  0.9    42  0.22  0.01   181
 933  0.504  0.387  46860  6.9e+13   400  0.8    29  0.28  0.01   217
 934  1.163  1.054  34317  1.5e+14   519  1.1    68  0.20  0.01   151
 935  0.211  0.063  48378  1.6e+14   531  1.1    45  0.12  0.01   284
 936  1.493  0.945  45279  5.6e+13   371  0.8    30  0.41  0.01   167
 937  1.521  0.065  47772  7.5e+13   412  0.8    54  0.23  0.01   258
 938  0.623  0.257  43031  1.4e+14   503  1.0    64  0.12  0.01   300
 939  1.110  0.353  46010  8.2e+13   423  0.9    44  0.42  0.01   176
 940  0.370  0.212  34904  2.4e+13   277  0.6    10  0.75  0.01   189
 941  0.952  1.129  35972  1.2e+14   475  1.0    37  0.52  0.01    89
 942  1.017  0.472  40682  1.5e+14   520  1.1    38  0.19  0.01   173
 943  0.226  0.567  45931  5.5e+13   371  0.8    26  0.30  0.01   133
 944  0.378  0.015  37949  1.6e+14   525  1.1    43  0.44  0.01   197
 945  0.237  0.885  37555  1.0e+14   457  0.9    39  0.39  0.01    84
 946  0.724  0.508  36850  1.4e+14   510  1.0    36  0.21  0.01   211
 947  0.527  0.382  42293  1.9e+14   557  1.1    48  0.18  0.01   191
 948  0.756  0.091  36679  1.1e+14   471  1.0    39  0.18  0.01   201
 949  1.440  0.729  24677  9.9e+13   446  0.9    32  0.10  0.01    67
 950  1.224  0.827  23968  5.5e+13   367  0.8    29  0.47  0.01   136
 951  0.786  1.343  27596  6.8e+13   394  0.8    34  0.27  0.01    51
 952  1.007  0.666  27623  1.2e+14   473  1.0    39  0.35  0.01    96
 953  0.101  0.776  43296  8.9e+13   435  0.9    39  0.24  0.01   234
 954  1.423  0.370  43512  6.8e+13   396  0.8    39  0.31  0.01   211
 955  0.854  0.414  48553  1.5e+14   515  1.0    42  0.11  0.01   199
 956  0.799  0.507  24271  1.0e+14   447  0.9    38  0.20  0.01   186
 957  0.250  0.961  30883     -1      -1   -1    -1    -1    -1    66
 958  0.547  0.551  28991  1.3e+14   496  1.0    36  0.35  0.01   115
 959  0.301  0.199  35915  6.4e+13   389  0.8    31  0.32  0.01   173
 960  0.011  0.638  49323  4.5e+13   348  0.7    34  0.24  0.01   137
 961  0.924  0.742  39936  6.3e+13   386  0.8    29  0.34  0.01   109
 962  0.797  0.751  44560  7.3e+13   407  0.8    35  0.26  0.01   175
 963  1.308  1.359  37131  8.4e+13   425  0.9    33  0.39  0.01    75
 964  0.316  0.733  35320  9.3e+13   439  0.9    33  0.23  0.01   215
 965  1.326  0.014  43167  8.9e+13   435  0.9    39  0.20  0.01   197
 966  0.682  0.052  30964  8.6e+13   427  0.9    36  0.23  0.01   130
 967  0.167  0.533  21796  6.3e+13   384  0.8    28  0.63  0.01    60
 968  0.782  0.554  38717  5.2e+13   362  0.7    23  0.29  0.01   127
 969  0.029  0.451  32698  1.9e+14   555  1.1    79  0.21  0.01   258
 970  0.836  0.378  45630  7.5e+13   411  0.8    26  0.16  0.01   212
 971  1.061  0.421  32379  1.1e+14   466  1.0    32  0.24  0.01   101
 972  0.055  0.918  23680  2.8e+14   630  1.3    72  0.21  0.01   134
 973  1.562  0.309  43183  2.4e+14   608  1.2    65  0.14  0.01   168
 974  1.456  0.207  34218  1.2e+14   481  1.0    49  0.33  0.01   202
 975  1.175  0.520  29296  1.1e+14   462  1.0    55  0.16  0.01   454
 976  0.045  0.270  48495  9.3e+13   442  0.9    46  0.18  0.01   282
 977  1.507  0.795  40024  6.8e+13   396  0.8    22  0.16  0.01   192
 978  0.617  0.348  43524     -1      -1   -1    -1    -1    -1    96
 979  0.058  0.898  45009  7.2e+13   406  0.8    34  0.28  0.01   199
 980  0.354  0.412  25408  6.3e+13   384  0.8    28  0.65  0.01    77
 981  1.526  1.004  27796  9.2e+13   437  0.9    28  0.24  0.01    80
 982  0.643  0.154  43946  8.5e+13   429  0.9    43  0.21  0.01   190
 983  1.271  0.173  31632  1.4e+14   499  1.0    54  0.31  0.01   139
 984  0.976  1.164  40782  1.0e+14   454  0.9    46  0.20  0.01   146
 985  1.397  0.784  31822  5.7e+13   373  0.8    28  0.28  0.01   101
 986  0.531  0.387  19790  1.5e+14   511  1.1    34  0.24  0.01    84
 987  0.113  0.982  45203  1.3e+14   500  1.0    32  0.27  0.01    95
 988  0.663  0.901  46819  6.4e+13   390  0.8    15  0.56  0.01   275
 989  1.553  0.841  30835  5.1e+13   358  0.7    29  0.34  0.01   123
 990  0.150  1.256  41905  6.6e+13   393  0.8    33  0.36  0.01    75
 991  0.950  0.632  49153  6.4e+13   390  0.8    29  0.49  0.01   162
 992  0.064  1.311  31233  8.4e+13   423  0.9    36  0.48  0.01    52
 993  0.094  0.002  45439  6.6e+13   393  0.8    30  0.38  0.01   215
 994  1.508  1.224  34679  1.2e+14   473  1.0    35  0.23  0.01    95
 995  0.338  1.155  32585  5.4e+13   366  0.8    27  0.77  0.01    46
 996  0.036  0.626  21141  2.5e+14   609  1.3    69  0.13  0.01   136
 997  0.746  0.383  45220  7.1e+13   404  0.8    57  0.16  0.01   314
 998  0.862  0.183  30924  5.4e+13   365  0.8    10  0.86  0.01    64
 999  0.981  1.130  36004  5.5e+13   369  0.8    32  0.67  0.01    84
1000  0.601  0.926  46463  2.4e+14   611  1.2     3  0.59  0.01    93
